 
    >>Normalized Constraint Values:
     0.23E+01
    -0.50E+00
    -0.19E+01
    -0.34E+01
    -0.13E+01
     0.48E+00
     0.10E+01
     0.38E+01
 
  >> Gradient of obj:
   1.41485908570397       1.207987433479829E-003
   1.00015531753544       6.077580110286362E-007
   1.41485612596471       1.212515231125977E-003
  -1.41656734837866      -1.356011404187640E-002
 -3.175513270343151E-006 -5.175061107609302E-006
   1.41659584466363       1.361632956684034E-002
 
 
    >>Objective:       3.8299       0.0137       3.8436
 
 
 iter    objective      ||grad||        inf_pr          inf_du         lg(mu)
    0  0.3843567E+01  0.0000000E+00  0.3770979E+01  0.8308592E+00  0.1000000E+01
 
    >>Normalized Constraint Values:
     0.95E+00
    -0.34E+00
    -0.13E+01
    -0.25E+01
    -0.14E+01
    -0.20E+00
     0.12E+01
     0.17E+01
 
 
    >>Objective:       4.5603       0.0223       4.5826
 
  >> Gradient of obj:
   1.63101152495159       3.935221189570015E-003
   1.05453255977292       5.750194372389217E-005
   1.85209281386516       4.004181860882028E-003
  -3.04558342923002      -3.616220654539504E-002
 -0.254888885018020      -1.990260005899636E-003
   2.24002031676515       3.831603688761831E-002
 
    1  0.4582606E+01  0.1324917E+01  0.1779365E+01  0.2255995E+01  0.8845377E-01
 
    >>Normalized Constraint Values:
     0.56E+00
    -0.48E+00
    -0.96E+00
    -0.23E+01
    -0.14E+01
    -0.50E+00
     0.91E+00
     0.95E+00
 
 
    >>Objective:       5.0085       0.0209       5.0293
 
  >> Gradient of obj:
   1.55387429893422       3.799648304973147E-003
   1.15365806071452       2.218567991647546E-004
   1.67935449685407       2.249232496907894E-003
  -3.35651298292615      -3.649729825675507E-002
 -0.543630473041257      -4.408325717434991E-003
   1.67724137406836       2.479216387608574E-002
 
    2  0.5029318E+01  0.9514016E+00  0.1128521E+01  0.2026039E+01  0.2185640E+00
 
    >>Normalized Constraint Values:
    -0.47E-01
    -0.61E+00
    -0.98E+00
    -0.18E+01
    -0.13E+01
    -0.69E+00
     0.28E+00
     0.59E+00
 
 
    >>Objective:       7.6213       0.0368       7.6581
 
  >> Gradient of obj:
   1.99159467090738       1.607148095288480E-002
   1.13522270457638       3.695954594391537E-004
   1.41379214525034       1.258901547220859E-003
  -7.66697696467454      -0.179268403055104     
 -0.956580753181868      -5.134830605504348E-003
   1.39320711661878       1.378852038933687E-002
 
    3  0.7658142E+01  0.7492979E+00  0.6134190E+00  0.7263052E+01  0.9989193E-01
 
    >>Normalized Constraint Values:
    -0.17E+00
    -0.75E+00
    -0.12E+01
    -0.17E+01
    -0.12E+01
    -0.55E+00
    -0.17E+00
     0.31E+00
 
 
    >>Objective:       8.8896       0.0334       8.9230
 
  >> Gradient of obj:
   1.58344159191442       6.441251753425803E-003
   1.13570379039474       4.562487210471033E-004
   1.99303045785203       7.779858734743073E-003
  -5.44237055811314      -7.445238814293020E-002
  -1.22992876628793      -6.098384082481090E-003
   3.75118187333527       6.862767663470493E-002
 
    4  0.8923021E+01  0.8740740E+00  0.3885899E+00  0.6729511E+01  0.3526361E+00
 
    >>Normalized Constraint Values:
    -0.18E+00
    -0.70E+00
    -0.11E+01
    -0.17E+01
    -0.12E+01
    -0.65E+00
     0.60E-01
     0.21E+00
 
 
    >>Objective:       8.8596       0.0368       8.8964
 
  >> Gradient of obj:
   1.73092924525343       1.001640969769113E-002
   1.13971609137372       4.429178926557142E-004
   1.84424451027651       5.368787350860771E-003
  -6.70954373923841      -0.118285169824219     
  -1.15419595652265      -5.914823267509917E-003
   3.10542960752151       4.821135132665688E-002
 
    5  0.8896449E+01  0.4295750E+00  0.2571240E+00  0.1800769E+01  0.1521443E+00
 
    >>Normalized Constraint Values:
    -0.27E+00
    -0.73E+00
    -0.10E+01
    -0.16E+01
    -0.12E+01
    -0.71E+00
    -0.15E-02
     0.80E-01
 
 
    >>Objective:       9.7452       0.0406       9.7858
 
  >> Gradient of obj:
   1.77470725769919       1.220359342622857E-002
   1.14837486502167       5.215128505398070E-004
   1.79277562401428       5.007261551874365E-003
  -7.75296688533602      -0.154724167956488     
  -1.33935599426624      -6.913111681999595E-003
   3.10996602276713       4.518110002140219E-002
 
    6  0.9785827E+01  0.3126713E+00  0.8033016E-01  0.1110605E+01  0.4523696E-01
 
    >>Normalized Constraint Values:
    -0.31E+00
    -0.73E+00
    -0.88E+00
    -0.16E+01
    -0.12E+01
    -0.83E+00
    -0.21E-02
     0.15E-01
 
 
    >>Objective:      10.0779       0.0468      10.1247
 
  >> Gradient of obj:
   1.81397588906385       1.627018797388047E-002
   1.15370693211124       4.645319569434037E-004
   1.43070985473523       1.499451375700289E-003
  -9.69369286861887      -0.237455288011830     
  -1.23006549098138      -6.378631481823049E-003
   1.57579114078020       1.536153212074254E-002
 
    7  0.1012472E+02  0.5506699E+00  0.1629320E-01  0.1828622E+01  0.7805206E-02
 
    >>Normalized Constraint Values:
    -0.31E+00
    -0.74E+00
    -0.90E+00
    -0.16E+01
    -0.12E+01
    -0.80E+00
    -0.32E-02
    -0.12E-01
 
 
    >>Objective:      10.0537       0.0444      10.0981
 
  >> Gradient of obj:
   1.76876616317728       1.462695258668134E-002
   1.15417044902133       5.075888937753348E-004
   1.51407024506736       1.854511218667199E-003
  -9.21638593118753      -0.211475928988847     
  -1.24699995186779      -6.690091541329934E-003
   1.79346402777324       1.954220287297659E-002
 
    8  0.1009810E+02  0.5782760E-01  0.1135508E-01  0.1215218E+01  0.5504609E-02
 
    >>Normalized Constraint Values:
    -0.30E+00
    -0.74E+00
    -0.92E+00
    -0.16E+01
    -0.12E+01
    -0.76E+00
    -0.71E-02
    -0.14E-01
 
 
    >>Objective:       9.9021       0.0409       9.9430
 
  >> Gradient of obj:
   1.71211797071790       1.239577839341166E-002
   1.15484699644420       5.178265231542412E-004
   1.59872575980198       2.371987544275811E-003
  -8.55183000008074      -0.176841457380078     
  -1.23811160237640      -6.623817530680753E-003
   2.00784199837484       2.377952738674338E-002
 
    9  0.9943021E+01  0.4565033E-01  0.1390431E-01  0.1134233E+01  0.3095910E-03
 
    >>Normalized Constraint Values:
    -0.30E+00
    -0.74E+00
    -0.91E+00
    -0.16E+01
    -0.12E+01
    -0.77E+00
     0.23E-03
    -0.32E-02
 
 
    >>Objective:       9.7799       0.0407       9.8206
 
no convergence in svdcmp
PAUSE prompt> To continue from background, execute 'kill -15 11423'
