 
    >>Normalized Constraint Values:
     0.61E+01
     0.31E+01
    -0.39E+01
    -0.81E+01
    -0.51E+01
     0.19E+01
     0.66E+00
     0.30E+01
 
 
 iter    objective      ||grad||        inf_pr          inf_du         lg(mu)
    0  0.3843773E+01  0.0000000E+00  0.6094162E+01  0.1199980E+01  0.1000000E+01
 
    >>Normalized Constraint Values:
     0.26E+01
     0.17E+01
    -0.24E+01
    -0.46E+01
    -0.37E+01
     0.45E+00
     0.22E+00
     0.12E+01
 
    1  0.6444235E+01  0.6589353E+01  0.3086538E+01  0.3612322E+01  0.5126382E+00
 
    >>Normalized Constraint Values:
     0.11E+01
     0.11E+01
    -0.39E+01
    -0.31E+01
    -0.31E+01
     0.19E+01
    -0.12E+01
     0.12E+01
 
    2  0.7069478E+01  0.1803785E+01  0.2194477E+01  0.1356130E+02  0.5566354E+00
 
    >>Normalized Constraint Values:
     0.92E+00
     0.58E+00
    -0.32E+01
    -0.29E+01
    -0.26E+01
     0.12E+01
    -0.11E+01
     0.73E+00
 
    3  0.8107679E+01  0.1477093E+01  0.1558999E+01  0.8171564E+01  0.3570024E+00
 
    >>Normalized Constraint Values:
     0.13E+00
     0.71E+00
    -0.89E+00
    -0.21E+01
    -0.27E+01
    -0.11E+01
    -0.39E+00
    -0.53E+00
 
    4  0.1332351E+02  0.2188966E+01  0.1348327E+01  0.6116396E+01  0.1800495E+00
 
    >>Normalized Constraint Values:
     0.50E-01
     0.39E+00
    -0.11E+01
    -0.20E+01
    -0.24E+01
    -0.89E+00
    -0.55E+00
    -0.49E+00
 
    5  0.1387850E+02  0.8387297E+00  0.4354755E+00  0.2397066E+01  0.1768989E+00
 
    >>Normalized Constraint Values:
     0.40E-03
     0.68E-01
    -0.15E+01
    -0.20E+01
    -0.21E+01
    -0.48E+00
    -0.79E+00
    -0.36E+00
 
    6  0.1480182E+02  0.6100781E+00  0.6945892E-01  0.2914604E+01  0.7203117E-01
 
    >>Normalized Constraint Values:
    -0.11E-02
    -0.17E-01
    -0.17E+01
    -0.20E+01
    -0.20E+01
    -0.28E+00
    -0.87E+00
    -0.31E+00
 
    7  0.1485940E+02  0.2589761E+00  0.1491971E-01  0.7101700E+00  0.2571194E-01
 
    >>Normalized Constraint Values:
     0.73E-03
    -0.64E-02
    -0.17E+01
    -0.20E+01
    -0.20E+01
    -0.30E+00
    -0.86E+00
    -0.32E+00
 
    8  0.1475946E+02  0.2337210E+00  0.3084707E-02  0.8895731E+00  0.1138485E-02
 
    >>Normalized Constraint Values:
     0.12E-02
    -0.63E-02
    -0.17E+01
    -0.20E+01
    -0.20E+01
    -0.31E+00
    -0.86E+00
    -0.32E+00
 
    9  0.1468948E+02  0.8959999E+00  0.6361487E-02  0.1441797E+01  0.4397414E-03
 
    >>Normalized Constraint Values:
     0.20E-02
    -0.17E-01
    -0.17E+01
    -0.20E+01
    -0.20E+01
    -0.31E+00
    -0.87E+00
    -0.32E+00
 
   10  0.1456608E+02  0.7493465E+00  0.4389358E-01  0.4554728E+01  0.5234281E-03
 
    >>Normalized Constraint Values:
    -0.17E-02
    -0.86E-01
    -0.18E+01
    -0.20E+01
    -0.19E+01
    -0.16E+00
    -0.95E+00
    -0.25E+00
 
   11  0.1442361E+02  0.3352877E+01  0.1461703E+00  0.1129442E+02  0.6024117E-01
 
    >>Normalized Constraint Values:
    -0.18E-02
    -0.60E-01
    -0.18E+01
    -0.20E+01
    -0.19E+01
    -0.21E+00
    -0.91E+00
    -0.28E+00
 
   12  0.1450451E+02  0.4138139E+00  0.2169127E-01  0.7464025E+01  0.1415277E-01
 
    >>Normalized Constraint Values:
    -0.91E-03
    -0.76E-01
    -0.18E+01
    -0.20E+01
    -0.19E+01
    -0.16E+00
    -0.93E+00
    -0.26E+00
 
   13  0.1442636E+02  0.2300232E+00  0.8398212E-02  0.6085602E+01  0.9954922E-02
 
    >>Normalized Constraint Values:
    -0.72E-03
    -0.13E+00
    -0.20E+01
    -0.20E+01
    -0.19E+01
     0.58E-02
    -0.10E+01
    -0.19E+00
 
   14  0.1437042E+02  0.5628272E+00  0.8612856E-02  0.3953374E+01  0.1137999E-01
 
    >>Normalized Constraint Values:
     0.22E-04
    -0.13E+00
    -0.20E+01
    -0.20E+01
    -0.19E+01
    -0.27E-01
    -0.99E+00
    -0.20E+00
 
   15  0.1436109E+02  0.1188895E+00  0.1608149E-01  0.9872753E+00  0.1032381E-01
 
    >>Normalized Constraint Values:
     0.78E-04
    -0.13E+00
    -0.20E+01
    -0.20E+01
    -0.19E+01
    -0.13E-01
    -0.10E+01
    -0.19E+00
 
   16  0.1432094E+02  0.1408569E+00  0.8476159E-02  0.4842685E+00  0.2184099E-02
 
    >>Normalized Constraint Values:
     0.14E-03
    -0.12E+00
    -0.20E+01
    -0.20E+01
    -0.19E+01
     0.12E-02
    -0.10E+01
    -0.19E+00
 
   17  0.1431108E+02  0.6057349E-01  0.6165256E-02  0.6808917E+00  0.4783190E-03
 
    >>Normalized Constraint Values:
    -0.11E-04
    -0.12E+00
    -0.20E+01
    -0.20E+01
    -0.19E+01
    -0.32E-02
    -0.10E+01
    -0.19E+00
 
   18  0.1431190E+02  0.8467200E-02  0.4023260E-02  0.2600953E+00  0.4522274E-03
 
    >>Normalized Constraint Values:
     0.54E-05
    -0.12E+00
    -0.20E+01
    -0.20E+01
    -0.19E+01
     0.66E-02
    -0.10E+01
    -0.19E+00
 
   19  0.1431078E+02  0.2572237E-02  0.6759400E-02  0.4221588E-01  0.4099205E-04
 
    >>Normalized Constraint Values:
     0.38E-04
    -0.12E+00
    -0.20E+01
    -0.20E+01
    -0.19E+01
    -0.10E-01
    -0.10E+01
    -0.20E+00
 
 
    >>Normalized Constraint Values:
    -0.21E-04
    -0.12E+00
    -0.20E+01
    -0.20E+01
    -0.19E+01
     0.78E-02
    -0.10E+01
    -0.19E+00
 
   20  0.1431062E+02  0.6045262E-02  0.8085391E-02  0.2879591E+00  0.7734993E-04
 
    >>Normalized Constraint Values:
    -0.45E-05
    -0.12E+00
    -0.20E+01
    -0.20E+01
    -0.19E+01
    -0.43E-03
    -0.99E+00
    -0.19E+00
 
   21  0.1431160E+02  0.8487304E-02  0.2332614E-02  0.4870316E-01  0.7399676E-05
 
    >>Normalized Constraint Values:
    -0.18E-04
    -0.12E+00
    -0.20E+01
    -0.20E+01
    -0.19E+01
    -0.35E-02
    -0.99E+00
    -0.19E+00
 
 
    >>Normalized Constraint Values:
     0.50E-04
    -0.12E+00
    -0.20E+01
    -0.20E+01
    -0.19E+01
    -0.15E-02
    -0.10E+01
    -0.19E+00
 
   22  0.1431096E+02  0.2295573E-02  0.2692287E-02  0.4289752E-01  0.3106420E-05
 
    >>Normalized Constraint Values:
    -0.18E-04
    -0.12E+00
    -0.20E+01
    -0.20E+01
    -0.19E+01
     0.19E-02
    -0.10E+01
    -0.19E+00
 
   23  0.1431070E+02  0.1595342E-01  0.1985149E-02  0.4329705E+00  0.2358436E-05
 
    >>Normalized Constraint Values:
    -0.11E-04
    -0.12E+00
    -0.20E+01
    -0.20E+01
    -0.19E+01
     0.42E-02
    -0.99E+00
    -0.19E+00
 
   24  0.1431049E+02  0.3204164E-02  0.4219676E-02  0.5444439E-01  0.4793652E-06
 
    >>Normalized Constraint Values:
    -0.11E-04
    -0.12E+00
    -0.20E+01
    -0.20E+01
    -0.19E+01
    -0.30E-02
    -0.99E+00
    -0.19E+00
 
 
    >>Normalized Constraint Values:
     0.40E-04
    -0.12E+00
    -0.20E+01
    -0.20E+01
    -0.19E+01
     0.18E-02
    -0.99E+00
    -0.19E+00
 
 
    >>Normalized Constraint Values:
    -0.30E-04
    -0.12E+00
    -0.20E+01
    -0.20E+01
    -0.19E+01
    -0.14E-03
    -0.99E+00
    -0.19E+00
 
 
    >>Normalized Constraint Values:
     0.44E-05
    -0.12E+00
    -0.20E+01
    -0.20E+01
    -0.19E+01
    -0.31E-03
    -0.99E+00
    -0.20E+00
 
   25  0.1431179E+02  0.8278843E-02  0.1323639E-02  0.6858978E-01  0.4175422E-07
 
    >>Normalized Constraint Values:
    -0.17E-04
    -0.12E+00
    -0.20E+01
    -0.20E+01
    -0.19E+01
     0.36E-02
    -0.99E+00
    -0.19E+00
 
   26  0.1431090E+02  0.2770609E-02  0.4063308E-02  0.2762069E-01  0.4028962E-06
 
    >>Normalized Constraint Values:
    -0.85E-05
    -0.12E+00
    -0.20E+01
    -0.20E+01
    -0.19E+01
    -0.46E-02
    -0.99E+00
    -0.20E+00
 
   27  0.1431111E+02  0.4499476E-02  0.4575785E-02  0.1410618E-01  0.3076699E-06
 
    >>Normalized Constraint Values:
     0.16E-04
    -0.12E+00
    -0.20E+01
    -0.20E+01
    -0.19E+01
     0.37E-02
    -0.10E+01
    -0.19E+00
 
   28  0.1431037E+02  0.4982623E-02  0.3714287E-02  0.7661260E-01  0.3076699E-06
 
    >>Normalized Constraint Values:
     0.80E-05
    -0.12E+00
    -0.20E+01
    -0.20E+01
    -0.19E+01
     0.27E-02
    -0.99E+00
    -0.20E+00
 
 
    >>Normalized Constraint Values:
    -0.26E-04
    -0.12E+00
    -0.20E+01
    -0.20E+01
    -0.19E+01
    -0.78E-02
    -0.99E+00
    -0.20E+00
 
 
    >>Normalized Constraint Values:
    -0.15E-04
    -0.12E+00
    -0.20E+01
    -0.20E+01
    -0.19E+01
    -0.22E-02
    -0.10E+01
    -0.19E+00
 
   29  0.1431155E+02  0.1617310E-02  0.2448094E-02  0.2839207E-01  0.6583491E-08
 
    >>Normalized Constraint Values:
    -0.37E-05
    -0.12E+00
    -0.20E+01
    -0.20E+01
    -0.19E+01
     0.18E-02
    -0.10E+01
    -0.19E+00
 
   30  0.1431123E+02  0.1869895E-02  0.3882812E-02  0.3579327E-01  0.4146248E-07
 
    >>Normalized Constraint Values:
    -0.27E-05
    -0.12E+00
    -0.20E+01
    -0.20E+01
    -0.19E+01
    -0.96E-03
    -0.10E+01
    -0.20E+00
 
   31  0.1431107E+02  0.2456172E-02  0.1827540E-02  0.2052155E-01  0.4146248E-07
 
    >>Normalized Constraint Values:
     0.49E-04
    -0.12E+00
    -0.20E+01
    -0.20E+01
    -0.19E+01
    -0.49E-03
    -0.10E+01
    -0.19E+00
 
   32  0.1431035E+02  0.2409897E-02  0.2100582E-02  0.1904387E-01  0.4146248E-07
 
    >>Normalized Constraint Values:
    -0.26E-04
    -0.12E+00
    -0.20E+01
    -0.20E+01
    -0.19E+01
     0.16E-02
    -0.10E+01
    -0.19E+00
 
   33  0.1431079E+02  0.2280329E-02  0.1644846E-02  0.2800090E-01  0.2870915E-07
 
    >>Normalized Constraint Values:
    -0.19E-04
    -0.12E+00
    -0.20E+01
    -0.20E+01
    -0.19E+01
     0.15E-02
    -0.99E+00
    -0.19E+00
 
   34  0.1431050E+02  0.2331234E-02  0.1904301E-02  0.5295069E-01  0.9333465E-09
 
    >>Normalized Constraint Values:
     0.28E-04
    -0.12E+00
    -0.20E+01
    -0.20E+01
    -0.19E+01
    -0.57E-02
    -0.99E+00
    -0.20E+00
 
   35  0.1431107E+02  0.2848871E-02  0.5722884E-02  0.2521366E-01  0.7887046E-09
 
    >>Normalized Constraint Values:
     0.22E-04
    -0.12E+00
    -0.20E+01
    -0.20E+01
    -0.19E+01
     0.23E-02
    -0.10E+01
    -0.19E+00
 
   36  0.1431011E+02  0.5796829E-02  0.2462329E-02  0.2432791E-01  0.7887046E-09
 
    >>Normalized Constraint Values:
    -0.86E-04
    -0.12E+00
    -0.20E+01
    -0.20E+01
    -0.19E+01
     0.29E-02
    -0.10E+01
    -0.19E+00
 
   37  0.1431129E+02  0.6566238E-03  0.2919166E-02  0.3135341E+00  0.1114078E-07
 
 The solution was found.
 
 The final value of the objective function is    14.3112860664087     
 
 The optimal values of X are:
 
 X  (           1 ) =    9.79290363779581      in^2
 X  (           2 ) =   0.250000031469127      in^2
 X  (           3 ) =   0.250000000000000      in^2
 X  (           4 ) =    46.0693141156090      deg
 X  (           5 ) =    60.0000008391094      deg
 X  (           6 ) =    134.831359551549      deg
 
 The multipliers for the equality constraints are:
 
 LAM(           1 ) =    14.6256907187700     
 LAM(           2 ) =   9.230172102927005E-008
 LAM(           3 ) =   5.563618626323568E-009
 LAM(           4 ) =   5.570328989688092E-009
 LAM(           5 ) =   5.926882011440492E-009
 LAM(           6 ) =   0.250019280369245     
 LAM(           7 ) =   1.118651680596259E-008
 LAM(           8 ) =   5.780046942664786E-008
 
 Weight and its variance:   14.2451976374030       6.608842900573109E-002
