 
    >>Normalized Constraint Values:
     0.70E+01
     0.38E+01
    -0.34E+01
    -0.72E+01
    -0.45E+01
     0.25E+01
     0.95E+00
     0.35E+01
 
 
 iter    objective      ||grad||        inf_pr          inf_du         lg(mu)
    0  0.3843342E+01  0.0000000E+00  0.6980774E+01  0.1288094E+01  0.1000000E+01
 
    >>Normalized Constraint Values:
     0.29E+01
     0.19E+01
    -0.21E+01
    -0.44E+01
    -0.31E+01
     0.63E+00
     0.36E+00
     0.13E+01
 
    1  0.6176452E+01  0.5433616E+01  0.3192464E+01  0.3489347E+01  0.2528415E+00
 
    >>Normalized Constraint Values:
     0.14E+01
     0.83E+00
    -0.33E+01
    -0.32E+01
    -0.23E+01
     0.30E+01
    -0.11E+01
     0.19E+01
 
    2  0.6987586E+01  0.2032308E+01  0.3094125E+01  0.3019614E+02  0.3579348E+00
 
    >>Normalized Constraint Values:
     0.36E+00
     0.92E+00
    -0.67E+00
    -0.22E+01
    -0.22E+01
    -0.18E+00
    -0.21E+00
    -0.17E+00
 
    3  0.1178959E+02  0.2292490E+01  0.1388124E+01  0.1302572E+02  0.5989081E+00
 
    >>Normalized Constraint Values:
     0.17E+00
     0.39E+00
    -0.10E+01
    -0.21E+01
    -0.20E+01
    -0.19E+00
    -0.56E+00
    -0.21E+00
 
    4  0.1373683E+02  0.1276332E+01  0.4884147E+00  0.6547735E+01  0.5386921E+00
 
    >>Normalized Constraint Values:
     0.44E-02
    -0.19E-01
    -0.13E+01
    -0.19E+01
    -0.17E+01
    -0.10E+00
    -0.76E+00
    -0.23E+00
 
    5  0.1600308E+02  0.1613396E+01  0.1528635E+00  0.2252546E+01  0.1380166E+00
 
    >>Normalized Constraint Values:
     0.32E-02
    -0.15E-01
    -0.13E+01
    -0.19E+01
    -0.17E+01
     0.61E-01
    -0.76E+00
    -0.17E+00
 
    6  0.1573128E+02  0.2731207E+00  0.7596855E-01  0.1251649E+01  0.1361537E-01
 
    >>Normalized Constraint Values:
     0.28E-02
     0.14E+00
    -0.77E+00
    -0.19E+01
    -0.16E+01
     0.13E+00
    -0.63E+00
    -0.13E+00
 
 
    >>Normalized Constraint Values:
    -0.37E-03
     0.99E-03
    -0.10E+01
    -0.19E+01
    -0.16E+01
    -0.95E-01
    -0.72E+00
    -0.20E+00
 
 
    >>Normalized Constraint Values:
     0.31E-02
     0.28E-01
    -0.10E+01
    -0.19E+01
    -0.16E+01
     0.11E+00
    -0.71E+00
    -0.14E+00
 
 
    >>Normalized Constraint Values:
     0.45E-02
     0.37E-01
    -0.11E+01
    -0.19E+01
    -0.17E+01
     0.95E-01
    -0.72E+00
    -0.15E+00
 
    7  0.1569909E+02  0.5604124E+00  0.1331112E+00  0.1106075E+01  0.6077882E-02
 
    >>Normalized Constraint Values:
     0.11E-02
     0.89E-01
    -0.85E+00
    -0.19E+01
    -0.16E+01
     0.13E+00
    -0.67E+00
    -0.12E+00
 
 
    >>Normalized Constraint Values:
     0.25E-02
     0.77E-01
    -0.88E+00
    -0.19E+01
    -0.16E+01
     0.81E-01
    -0.68E+00
    -0.14E+00
 
 
    >>Normalized Constraint Values:
     0.17E-02
     0.73E-01
    -0.88E+00
    -0.19E+01
    -0.16E+01
     0.90E-01
    -0.68E+00
    -0.13E+00
 
 
    >>Normalized Constraint Values:
     0.34E-02
     0.58E-01
    -0.99E+00
    -0.19E+01
    -0.16E+01
     0.11E+00
    -0.70E+00
    -0.14E+00
 
 
    >>Normalized Constraint Values:
     0.44E-02
     0.47E-01
    -0.10E+01
    -0.19E+01
    -0.16E+01
     0.10E+00
    -0.71E+00
    -0.14E+00
 
    8  0.1569480E+02  0.1050501E+01  0.1403217E+00  0.8441834E+00  0.1637264E-01
 
    >>Normalized Constraint Values:
     0.56E-02
    -0.20E+00
    -0.15E+01
    -0.19E+01
    -0.15E+01
    -0.24E+00
    -0.78E+00
    -0.27E+00
 
    9  0.1818169E+02  0.8496051E+01  0.1209715E+00  0.4519998E+01  0.1890356E+01
 
    >>Normalized Constraint Values:
    -0.75E-01
    -0.48E+00
    -0.14E+01
    -0.19E+01
    -0.12E+01
    -0.17E+00
    -0.83E+00
    -0.29E+00
 
   10  0.1837325E+02  0.2201031E+01  0.1601158E+00  0.1054852E+02  0.6026167E+00
 
    >>Normalized Constraint Values:
    -0.53E-01
    -0.25E+00
    -0.13E+01
    -0.19E+01
    -0.13E+01
    -0.19E+00
    -0.76E+00
    -0.30E+00
 
   11  0.1730712E+02  0.6380661E+00  0.7414351E-01  0.1666164E+01  0.6026167E+00
 
    >>Normalized Constraint Values:
     0.15E-03
    -0.77E-01
    -0.11E+01
    -0.20E+01
    -0.13E+01
     0.37E-01
    -0.72E+00
    -0.18E+00
 
   12  0.1539612E+02  0.1116302E+01  0.1514244E+00  0.1865919E+01  0.6958284E-01
 
    >>Normalized Constraint Values:
    -0.20E-02
     0.22E+00
    -0.61E+00
    -0.19E+01
    -0.11E+01
     0.83E-01
    -0.54E+00
    -0.16E+00
 
 
    >>Normalized Constraint Values:
    -0.39E-02
     0.43E-01
    -0.68E+00
    -0.19E+01
    -0.10E+01
    -0.26E-02
    -0.61E+00
    -0.17E+00
 
   13  0.1549588E+02  0.5500440E+00  0.7770753E-01  0.2576533E+01  0.4013949E-01
 
    >>Normalized Constraint Values:
    -0.27E-03
     0.71E-01
    -0.57E+00
    -0.19E+01
    -0.84E+00
     0.29E-01
    -0.57E+00
    -0.16E+00
 
   14  0.1539597E+02  0.1744817E+00  0.7381605E-01  0.1497068E+01  0.3257797E-02
 
    >>Normalized Constraint Values:
    -0.41E-02
     0.29E+00
    -0.14E+00
    -0.19E+01
    -0.37E+00
     0.68E-01
    -0.41E+00
    -0.15E+00
 
   15  0.1533373E+02  0.3894622E+00  0.3045091E+00  0.2369179E+01  0.1395222E-01
 
    >>Normalized Constraint Values:
    -0.38E-02
     0.29E+00
    -0.13E+00
    -0.19E+01
    -0.36E+00
     0.65E-01
    -0.41E+00
    -0.15E+00
 
   16  0.1532982E+02  0.3756134E+00  0.2895572E+00  0.2275785E+01  0.3548430E-02
 
    >>Normalized Constraint Values:
    -0.33E-03
     0.44E-01
    -0.34E+00
    -0.19E+01
    -0.41E+00
    -0.58E-01
    -0.47E+00
    -0.20E+00
 
   17  0.1542763E+02  0.2748078E+00  0.6762840E-01  0.5864575E+00  0.1378489E-01
 
    >>Normalized Constraint Values:
    -0.71E-02
     0.13E+00
    -0.46E-01
    -0.20E+01
     0.13E+00
     0.25E+00
    -0.38E+00
    -0.94E-01
 
   18  0.1517996E+02  0.3263524E+00  0.2612337E+00  0.1713880E+01  0.3451212E-02
 
    >>Normalized Constraint Values:
    -0.55E-02
     0.81E-01
     0.25E-01
    -0.20E+01
     0.12E+00
     0.15E+00
    -0.36E+00
    -0.13E+00
 
   19  0.1516831E+02  0.3202653E+00  0.1538924E+00  0.4063680E+00  0.3460475E-08
 
    >>Normalized Constraint Values:
    -0.12E-04
    -0.45E-01
    -0.80E-01
    -0.20E+01
    -0.45E-01
    -0.27E-01
    -0.39E+00
    -0.18E+00
 
   20  0.1518276E+02  0.5931073E-01  0.3384579E-01  0.2556359E+00  0.2591909E-02
 
    >>Normalized Constraint Values:
    -0.93E-04
     0.12E-01
     0.36E-02
    -0.20E+01
     0.25E-01
     0.23E-01
    -0.36E+00
    -0.16E+00
 
   21  0.1514825E+02  0.3354375E-01  0.2878846E-01  0.1957044E+00  0.4985029E-03
 
    >>Normalized Constraint Values:
    -0.16E-03
    -0.19E-01
    -0.35E-01
    -0.20E+01
    -0.20E-01
    -0.54E-02
    -0.38E+00
    -0.18E+00
 
   22  0.1517100E+02  0.3152454E-01  0.1268396E-01  0.1775300E+00  0.1126967E-02
 
    >>Normalized Constraint Values:
    -0.14E-03
     0.60E-02
     0.99E-03
    -0.20E+01
     0.52E-02
     0.80E-02
    -0.37E+00
    -0.17E+00
 
   23  0.1515702E+02  0.2100676E-01  0.9365930E-02  0.8982580E-01  0.3267219E-03
 
    >>Normalized Constraint Values:
     0.83E-04
    -0.66E-02
    -0.54E-02
    -0.20E+01
    -0.57E-02
    -0.64E-02
    -0.37E+00
    -0.18E+00
 
   24  0.1516161E+02  0.5938971E-02  0.6583264E-02  0.1879016E-01  0.1818179E-03
 
    >>Normalized Constraint Values:
    -0.19E-03
     0.15E-02
    -0.40E-02
    -0.20E+01
    -0.78E-03
    -0.31E-02
    -0.37E+00
    -0.17E+00
 
   25  0.1515787E+02  0.3455063E-02  0.3491177E-02  0.2902594E-01  0.3059772E-03
 
    >>Normalized Constraint Values:
     0.12E-03
     0.33E-02
    -0.18E-02
    -0.20E+01
     0.25E-04
    -0.35E-03
    -0.37E+00
    -0.17E+00
 
   26  0.1515707E+02  0.4123397E-02  0.4021694E-02  0.1231723E+00  0.2691486E-09
 
    >>Normalized Constraint Values:
    -0.57E-04
    -0.11E-02
    -0.54E-02
    -0.20E+01
    -0.10E-02
     0.27E-02
    -0.37E+00
    -0.17E+00
 
   27  0.1515913E+02  0.2947823E-02  0.2684664E-02  0.4106477E-01  0.1574401E-04
 
    >>Normalized Constraint Values:
     0.46E-04
    -0.76E-03
     0.21E-03
    -0.20E+01
     0.14E-02
     0.49E-02
    -0.37E+00
    -0.17E+00
 
 
    >>Normalized Constraint Values:
    -0.29E-03
     0.88E-04
    -0.23E-03
    -0.20E+01
     0.20E-02
     0.66E-03
    -0.37E+00
    -0.17E+00
 
   28  0.1515995E+02  0.6586634E-02  0.2055986E-02  0.2107277E+00  0.1279614E-05
 
    >>Normalized Constraint Values:
    -0.13E-03
     0.12E-02
    -0.30E-02
    -0.20E+01
     0.33E-02
    -0.89E-03
    -0.37E+00
    -0.17E+00
 
 
    >>Normalized Constraint Values:
    -0.25E-03
     0.24E-02
    -0.43E-03
    -0.20E+01
     0.98E-03
    -0.45E-03
    -0.37E+00
    -0.17E+00
 
 
    >>Normalized Constraint Values:
    -0.73E-05
    -0.26E-02
    -0.10E-02
    -0.20E+01
     0.30E-02
    -0.28E-02
    -0.37E+00
    -0.17E+00
 
 
    >>Normalized Constraint Values:
    -0.99E-04
     0.86E-03
    -0.36E-02
    -0.20E+01
     0.66E-04
    -0.26E-02
    -0.37E+00
    -0.17E+00
 
 
    >>Normalized Constraint Values:
    -0.28E-03
    -0.16E-02
    -0.22E-02
    -0.20E+01
     0.12E-02
     0.25E-02
    -0.37E+00
    -0.17E+00
 
   29  0.1515947E+02  0.2984377E-02  0.2509132E-02  0.3067220E+00  0.1478963E-04
 
    >>Normalized Constraint Values:
     0.46E-04
     0.11E-03
    -0.21E-02
    -0.20E+01
    -0.18E-02
    -0.22E-02
    -0.37E+00
    -0.17E+00
 
   30  0.1515847E+02  0.4273407E-02  0.2191207E-02  0.1472577E+00  0.1051549E-04
 
    >>Normalized Constraint Values:
    -0.25E-03
     0.21E-02
     0.33E-02
    -0.20E+01
    -0.28E-02
     0.18E-02
    -0.37E+00
    -0.17E+00
 
   31  0.1515809E+02  0.2612441E-02  0.6397388E-02  0.6731809E-01  0.6924146E-04
 
    >>Normalized Constraint Values:
     0.82E-04
    -0.44E-02
    -0.35E-02
    -0.20E+01
    -0.11E-02
    -0.12E-02
    -0.37E+00
    -0.17E+00
 
   32  0.1515843E+02  0.6603104E-02  0.3853717E-02  0.1367756E+00  0.6054666E-04
 
    >>Normalized Constraint Values:
     0.11E-03
     0.28E-02
    -0.17E-03
    -0.20E+01
    -0.27E-02
     0.69E-02
    -0.37E+00
    -0.17E+00
 
   33  0.1515776E+02  0.3068090E-02  0.6939880E-02  0.1452340E+00  0.2596634E-05
 
    >>Normalized Constraint Values:
     0.69E-04
     0.42E-02
    -0.16E-02
    -0.20E+01
     0.50E-03
     0.27E-02
    -0.37E+00
    -0.17E+00
 
   34  0.1515821E+02  0.1800838E-01  0.4757136E-02  0.1511544E+00  0.2709061E-04
 
    >>Normalized Constraint Values:
    -0.12E-03
     0.21E-02
    -0.14E-02
    -0.20E+01
     0.42E-02
     0.20E-02
    -0.37E+00
    -0.17E+00
 
   35  0.1515795E+02  0.5871211E-02  0.4376152E-02  0.1534037E+00  0.2769082E-06
 
    >>Normalized Constraint Values:
    -0.12E-04
     0.35E-03
     0.22E-02
    -0.20E+01
    -0.14E-02
     0.12E-02
    -0.37E+00
    -0.17E+00
 
   36  0.1515764E+02  0.1055919E-01  0.4997753E-02  0.2382487E+00  0.2155819E-04
 
    >>Normalized Constraint Values:
    -0.37E-04
     0.44E-03
    -0.17E-03
    -0.20E+01
     0.21E-02
     0.31E-02
    -0.37E+00
    -0.17E+00
 
 
    >>Normalized Constraint Values:
    -0.94E-04
     0.71E-03
    -0.21E-02
    -0.20E+01
    -0.84E-04
     0.59E-03
    -0.37E+00
    -0.17E+00
 
   37  0.1515850E+02  0.8339085E-02  0.1270051E-02  0.1855180E+00  0.1638176E-05
 
    >>Normalized Constraint Values:
     0.12E-03
    -0.57E-02
     0.35E-02
    -0.20E+01
     0.25E-02
    -0.61E-03
    -0.37E+00
    -0.17E+00
 
 
    >>Normalized Constraint Values:
    -0.13E-04
    -0.30E-02
     0.37E-02
    -0.20E+01
    -0.30E-02
    -0.32E-02
    -0.37E+00
    -0.17E+00
 
 
    >>Normalized Constraint Values:
    -0.46E-04
     0.38E-02
     0.13E-02
    -0.20E+01
     0.53E-03
    -0.14E-02
    -0.37E+00
    -0.17E+00
 
 
    >>Normalized Constraint Values:
    -0.93E-04
    -0.20E-02
    -0.82E-02
    -0.20E+01
    -0.34E-03
     0.26E-02
    -0.37E+00
    -0.17E+00
 
 
    >>Normalized Constraint Values:
     0.14E-03
    -0.60E-03
    -0.14E-02
    -0.20E+01
    -0.32E-04
    -0.28E-02
    -0.37E+00
    -0.17E+00
 
 
    >>Normalized Constraint Values:
    -0.28E-05
     0.22E-02
    -0.24E-02
    -0.20E+01
     0.81E-03
    -0.15E-02
    -0.37E+00
    -0.17E+00
 
 
    >>Normalized Constraint Values:
    -0.59E-04
    -0.16E-02
     0.23E-04
    -0.20E+01
    -0.49E-02
     0.13E-02
    -0.37E+00
    -0.17E+00
 
 
    >>Normalized Constraint Values:
    -0.76E-04
     0.19E-02
    -0.30E-02
    -0.20E+01
    -0.39E-03
    -0.30E-02
    -0.37E+00
    -0.17E+00
 
   38  0.1515844E+02  0.1326283E-02  0.2933669E-02  0.5876922E+00  0.1591808E-06
 
    >>Normalized Constraint Values:
     0.11E-03
    -0.51E-02
    -0.65E-02
    -0.20E+01
    -0.27E-02
     0.31E-02
    -0.37E+00
    -0.17E+00
 
   39  0.1515713E+02  0.1611563E-01  0.5116279E-02  0.2245140E+01  0.4540444E-05
 
    >>Normalized Constraint Values:
    -0.12E-03
     0.14E-02
    -0.39E-02
    -0.20E+01
    -0.21E-02
     0.17E-02
    -0.37E+00
    -0.17E+00
 
   40  0.1515779E+02  0.1518741E-01  0.1915262E-02  0.1618620E+01  0.1986966E-04
 
    >>Normalized Constraint Values:
    -0.40E-04
    -0.12E-02
    -0.20E-02
    -0.20E+01
     0.16E-02
     0.55E-03
    -0.37E+00
    -0.17E+00
 
   41  0.1515711E+02  0.3351386E-02  0.2091889E-02  0.1061597E+01  0.1333677E-05
 
    >>Normalized Constraint Values:
     0.27E-03
     0.22E-02
     0.99E-03
    -0.20E+01
    -0.29E-02
    -0.39E-02
    -0.37E+00
    -0.17E+00
 
   42  0.1515703E+02  0.1743501E-01  0.3768524E-02  0.6921827E-01  0.1303227E-03
 
    >>Normalized Constraint Values:
    -0.49E-04
    -0.29E-02
    -0.35E-03
    -0.20E+01
     0.64E-02
     0.45E-02
    -0.37E+00
    -0.17E+00
 
 
    >>Normalized Constraint Values:
    -0.68E-04
     0.30E-02
    -0.70E-02
    -0.20E+01
    -0.73E-02
    -0.13E-02
    -0.37E+00
    -0.17E+00
 
 
    >>Normalized Constraint Values:
    -0.21E-03
    -0.37E-02
    -0.60E-02
    -0.20E+01
     0.11E-02
     0.31E-02
    -0.37E+00
    -0.17E+00
 
 
    >>Normalized Constraint Values:
    -0.11E-03
     0.39E-03
    -0.52E-02
    -0.20E+01
     0.18E-02
    -0.11E-02
    -0.37E+00
    -0.17E+00
 
   43  0.1515738E+02  0.3289213E-02  0.2577327E-02  0.6298380E-01  0.3774563E-04
 
    >>Normalized Constraint Values:
     0.22E-03
     0.28E-02
    -0.46E-02
    -0.20E+01
    -0.19E-02
     0.34E-03
    -0.37E+00
    -0.17E+00
 
   44  0.1515707E+02  0.7433752E-02  0.5502013E-02  0.4713251E-01  0.3451342E-04
 
    >>Normalized Constraint Values:
    -0.86E-05
    -0.67E-02
    -0.80E-02
    -0.20E+01
     0.31E-03
     0.19E-03
    -0.37E+00
    -0.17E+00
 
 
    >>Normalized Constraint Values:
    -0.78E-04
     0.67E-02
     0.45E-02
    -0.20E+01
     0.42E-02
     0.40E-02
    -0.37E+00
    -0.17E+00
 
 
    >>Normalized Constraint Values:
     0.18E-03
    -0.11E-02
    -0.90E-02
    -0.20E+01
    -0.32E-02
     0.10E-02
    -0.37E+00
    -0.17E+00
 
   45  0.1515807E+02  0.6019587E-02  0.3171411E-02  0.6187760E-01  0.4128913E-05
 
    >>Normalized Constraint Values:
    -0.18E-03
    -0.40E-02
    -0.14E-02
    -0.20E+01
    -0.60E-03
    -0.66E-03
    -0.37E+00
    -0.17E+00
 
   46  0.1515738E+02  0.5124864E-02  0.3949797E-02  0.4359694E-01  0.7395324E-05
 
    >>Normalized Constraint Values:
    -0.25E-03
     0.54E-03
    -0.46E-02
    -0.20E+01
     0.37E-02
    -0.82E-04
    -0.37E+00
    -0.17E+00
 
 
    >>Normalized Constraint Values:
    -0.31E-03
     0.12E-02
    -0.11E-02
    -0.20E+01
    -0.29E-02
     0.64E-04
    -0.37E+00
    -0.17E+00
 
 
    >>Normalized Constraint Values:
    -0.19E-03
    -0.30E-02
    -0.31E-02
    -0.20E+01
     0.29E-02
     0.18E-03
    -0.37E+00
    -0.17E+00
 
   47  0.1515880E+02  0.6054182E-02  0.2951323E-02  0.1542434E+00  0.7395324E-05
 
    >>Normalized Constraint Values:
    -0.14E-03
    -0.40E-02
    -0.18E-02
    -0.20E+01
     0.67E-02
    -0.42E-02
    -0.37E+00
    -0.17E+00
 
 
    >>Normalized Constraint Values:
    -0.19E-04
    -0.36E-02
    -0.59E-02
    -0.20E+01
     0.26E-02
    -0.25E-02
    -0.37E+00
    -0.17E+00
 
 
    >>Normalized Constraint Values:
    -0.36E-04
     0.86E-03
    -0.48E-02
    -0.20E+01
    -0.12E-02
    -0.83E-03
    -0.37E+00
    -0.17E+00
 
   48  0.1515941E+02  0.2767268E-01  0.1288356E-02  0.2941759E+00  0.7395324E-05
 
    >>Normalized Constraint Values:
    -0.69E-04
    -0.19E-02
    -0.15E-03
    -0.20E+01
    -0.13E-02
     0.33E-02
    -0.37E+00
    -0.17E+00
 
 
    >>Normalized Constraint Values:
    -0.21E-03
    -0.47E-03
    -0.40E-02
    -0.20E+01
     0.37E-02
     0.22E-02
    -0.37E+00
    -0.17E+00
 
 
    >>Normalized Constraint Values:
     0.13E-03
    -0.21E-02
    -0.52E-02
    -0.20E+01
    -0.26E-02
    -0.17E-02
    -0.37E+00
    -0.17E+00
 
   49  0.1515880E+02  0.3259888E-02  0.2525686E-02  0.3076751E+02  0.7395324E-05
 
    >>Normalized Constraint Values:
    -0.38E-04
     0.17E-02
    -0.11E-02
    -0.20E+01
    -0.45E-02
     0.21E-02
    -0.37E+00
    -0.17E+00
 
 
    >>Normalized Constraint Values:
     0.46E-04
    -0.33E-03
    -0.72E-02
    -0.20E+01
    -0.20E-03
    -0.91E-03
    -0.37E+00
    -0.17E+00
 
   50  0.1515790E+02  0.2174109E-01  0.3755740E-02  0.2341717E+02  0.7395324E-05
 
    >>Normalized Constraint Values:
    -0.71E-04
    -0.40E-02
    -0.53E-02
    -0.20E+01
    -0.44E-02
    -0.43E-02
    -0.37E+00
    -0.17E+00
 
 
    >>Normalized Constraint Values:
     0.19E-03
    -0.23E-02
    -0.38E-02
    -0.20E+01
     0.12E-02
     0.60E-02
    -0.37E+00
    -0.17E+00
 
   51  0.1515582E+02  0.7785363E-02  0.6004345E-02  0.1470812E+01  0.7395324E-05
 
    >>Normalized Constraint Values:
     0.12E-04
     0.13E-02
     0.51E-02
    -0.20E+01
     0.23E-02
     0.72E-02
    -0.37E+00
    -0.17E+00
 
   52  0.1515460E+02  0.4639985E-01  0.8527666E-02  0.2622841E+01  0.2801405E-04
 
    >>Normalized Constraint Values:
     0.85E-04
     0.45E-03
     0.11E-02
    -0.20E+01
     0.17E-02
    -0.21E-02
    -0.37E+00
    -0.17E+00
 
   53  0.1515523E+02  0.9276077E-02  0.4372765E-02  0.2559645E+01  0.4491508E-10
 
    >>Normalized Constraint Values:
     0.22E-03
    -0.75E-03
     0.59E-02
    -0.20E+01
     0.19E-02
     0.63E-02
    -0.37E+00
    -0.17E+00
 
   54  0.1515422E+02  0.3802571E-02  0.8883636E-02  0.2552523E+01  0.4120560E-04
 
    >>Normalized Constraint Values:
     0.36E-03
     0.23E-02
     0.44E-02
    -0.20E+01
     0.34E-02
     0.56E-02
    -0.37E+00
    -0.17E+00
 
 
    >>Normalized Constraint Values:
     0.18E-03
     0.51E-02
     0.20E-02
    -0.20E+01
     0.52E-03
     0.68E-03
    -0.37E+00
    -0.17E+00
 
   55  0.1515431E+02  0.4023588E-01  0.7147378E-02  0.2516989E+01  0.5048135E-10
 
    >>Normalized Constraint Values:
    -0.33E-04
    -0.67E-02
     0.32E-02
    -0.20E+01
     0.22E-02
     0.35E-03
    -0.37E+00
    -0.17E+00
 
 
    >>Normalized Constraint Values:
    -0.19E-04
     0.33E-02
    -0.42E-03
    -0.20E+01
     0.65E-02
     0.57E-02
    -0.36E+00
    -0.17E+00
 
 
    >>Normalized Constraint Values:
     0.14E-03
     0.47E-04
    -0.22E-02
    -0.20E+01
     0.15E-02
     0.32E-02
    -0.37E+00
    -0.17E+00
 
   56  0.1515517E+02  0.2546009E-02  0.3192603E-02  0.1461841E+01  0.1680339E-05
 
    >>Normalized Constraint Values:
    -0.68E-04
    -0.87E-03
    -0.16E-02
    -0.20E+01
    -0.12E-02
     0.49E-02
    -0.37E+00
    -0.17E+00
 
 
    >>Normalized Constraint Values:
    -0.25E-05
    -0.48E-03
    -0.11E-02
    -0.20E+01
     0.24E-02
     0.28E-03
    -0.37E+00
    -0.17E+00
 
   57  0.1515526E+02  0.2584327E-02  0.2448333E-02  0.1436482E+01  0.1593425E-10
 
    >>Normalized Constraint Values:
    -0.15E-03
     0.35E-03
     0.21E-02
    -0.20E+01
     0.18E-02
    -0.74E-03
    -0.37E+00
    -0.17E+00
 
   58  0.1515467E+02  0.2020643E-02  0.4829584E-02  0.1261044E+01  0.2675149E-04
 
    >>Normalized Constraint Values:
     0.50E-03
    -0.33E-02
    -0.72E-02
    -0.20E+01
    -0.47E-02
     0.35E-02
    -0.37E+00
    -0.17E+00
 
   59  0.1515445E+02  0.2379310E-02  0.5181341E-02  0.8452095E-01  0.2735227E-04
 
    >>Normalized Constraint Values:
     0.26E-03
     0.19E-03
    -0.39E-02
    -0.20E+01
     0.39E-02
    -0.18E-02
    -0.37E+00
    -0.17E+00
 
   60  0.1515589E+02  0.9100182E-02  0.3934221E-02  0.1485586E+00  0.2457326E-04
 
    >>Normalized Constraint Values:
     0.86E-04
    -0.68E-04
     0.59E-04
    -0.20E+01
     0.64E-02
     0.23E-02
    -0.37E+00
    -0.17E+00
 
   61  0.1515541E+02  0.1671463E-01  0.6412015E-02  0.1946892E+00  0.2457326E-04
 
    >>Normalized Constraint Values:
     0.96E-05
    -0.21E-02
    -0.29E-02
    -0.20E+01
    -0.48E-02
     0.20E-02
    -0.37E+00
    -0.17E+00
 
 
    >>Normalized Constraint Values:
     0.27E-03
    -0.16E-02
    -0.92E-03
    -0.20E+01
     0.48E-02
     0.31E-03
    -0.37E+00
    -0.17E+00
 
   62  0.1515474E+02  0.1308920E-01  0.4847279E-02  0.4672724E+00  0.2457326E-04
 
    >>Normalized Constraint Values:
     0.58E-04
    -0.92E-03
    -0.86E-03
    -0.20E+01
    -0.34E-02
     0.62E-02
    -0.37E+00
    -0.17E+00
 
 
    >>Normalized Constraint Values:
     0.60E-04
    -0.22E-02
    -0.88E-02
    -0.20E+01
    -0.59E-02
    -0.77E-03
    -0.37E+00
    -0.17E+00
 
 
    >>Normalized Constraint Values:
     0.79E-04
    -0.32E-02
    -0.55E-02
    -0.20E+01
     0.37E-02
    -0.26E-02
    -0.37E+00
    -0.17E+00
 
 
    >>Normalized Constraint Values:
     0.14E-04
    -0.15E-02
     0.20E-02
    -0.20E+01
    -0.19E-02
     0.44E-02
    -0.37E+00
    -0.17E+00
 
 
    >>Normalized Constraint Values:
     0.11E-03
     0.19E-02
    -0.15E-02
    -0.20E+01
     0.19E-03
     0.11E-02
    -0.37E+00
    -0.17E+00
 
   63  0.1515503E+02  0.4104351E-02  0.1902500E-02  0.3752182E+00  0.2889043E-10
 
    >>Normalized Constraint Values:
     0.18E-03
     0.10E-02
    -0.14E-02
    -0.20E+01
    -0.14E-02
     0.36E-02
    -0.37E+00
    -0.17E+00
 
 
    >>Normalized Constraint Values:
    -0.41E-04
    -0.64E-03
    -0.14E-02
    -0.20E+01
    -0.72E-03
     0.18E-02
    -0.37E+00
    -0.17E+00
 
   64  0.1515569E+02  0.3244060E-02  0.1821305E-02  0.2155866E+00  0.1754434E-10
 
    >>Normalized Constraint Values:
    -0.30E-04
    -0.30E-03
    -0.43E-02
    -0.20E+01
     0.27E-02
    -0.17E-02
    -0.37E+00
    -0.17E+00
 
 
    >>Normalized Constraint Values:
    -0.31E-04
    -0.16E-02
    -0.41E-02
    -0.20E+01
     0.49E-02
     0.83E-03
    -0.37E+00
    -0.17E+00
 
 
    >>Normalized Constraint Values:
     0.43E-04
    -0.37E-02
    -0.34E-02
    -0.20E+01
     0.27E-02
    -0.43E-02
    -0.37E+00
    -0.17E+00
 
 
    >>Normalized Constraint Values:
     0.36E-04
    -0.19E-02
    -0.57E-02
    -0.20E+01
     0.43E-02
     0.40E-03
    -0.37E+00
    -0.17E+00
 
 
    >>Normalized Constraint Values:
     0.21E-03
    -0.12E-02
    -0.27E-02
    -0.20E+01
     0.64E-02
     0.40E-02
    -0.37E+00
    -0.17E+00
 
 
    >>Normalized Constraint Values:
    -0.78E-05
     0.68E-03
    -0.17E-02
    -0.20E+01
     0.38E-02
     0.17E-02
    -0.37E+00
    -0.17E+00
 
 
    >>Normalized Constraint Values:
     0.16E-03
    -0.13E-02
    -0.31E-02
    -0.20E+01
     0.33E-03
     0.87E-03
    -0.37E+00
    -0.17E+00
 
 
    >>Normalized Constraint Values:
     0.96E-04
    -0.21E-02
    -0.43E-02
    -0.20E+01
     0.23E-03
    -0.25E-02
    -0.37E+00
    -0.17E+00
 
 
    >>Normalized Constraint Values:
    -0.12E-04
    -0.17E-04
    -0.64E-02
    -0.20E+01
     0.16E-03
    -0.45E-03
    -0.37E+00
    -0.17E+00
 
   65  0.1515536E+02  0.1039608E-01  0.6431598E-02  0.3059566E+00  0.1335130E-10
 
    >>Normalized Constraint Values:
     0.67E-04
    -0.28E-02
    -0.20E-02
    -0.20E+01
     0.89E-03
     0.33E-02
    -0.37E+00
    -0.17E+00
 
 
    >>Normalized Constraint Values:
     0.11E-03
    -0.47E-02
    -0.12E-02
    -0.20E+01
    -0.15E-02
     0.98E-03
    -0.37E+00
    -0.17E+00
 
 
    >>Normalized Constraint Values:
    -0.12E-03
    -0.13E-02
    -0.43E-02
    -0.20E+01
     0.18E-02
    -0.58E-03
    -0.37E+00
    -0.17E+00
 
 
    >>Normalized Constraint Values:
     0.25E-04
    -0.69E-03
    -0.28E-02
    -0.20E+01
     0.30E-02
     0.30E-02
    -0.37E+00
    -0.17E+00
 
 
    >>Normalized Constraint Values:
     0.16E-03
     0.13E-02
    -0.12E-02
    -0.20E+01
     0.62E-02
     0.22E-02
    -0.37E+00
    -0.17E+00
 
 
    >>Normalized Constraint Values:
     0.17E-03
    -0.64E-02
    -0.35E-02
    -0.20E+01
    -0.42E-03
    -0.10E-02
    -0.37E+00
    -0.17E+00
 
 
    >>Normalized Constraint Values:
     0.14E-03
    -0.15E-02
    -0.92E-03
    -0.20E+01
     0.52E-02
     0.66E-02
    -0.37E+00
    -0.17E+00
 
 
    >>Normalized Constraint Values:
     0.22E-03
    -0.62E-03
     0.93E-03
    -0.20E+01
     0.49E-02
     0.18E-02
    -0.37E+00
    -0.17E+00
 
 
    >>Normalized Constraint Values:
     0.12E-03
     0.26E-03
    -0.51E-02
    -0.20E+01
     0.15E-02
     0.14E-02
    -0.37E+00
    -0.17E+00
 
 
    >>Normalized Constraint Values:
     0.32E-04
    -0.10E-02
    -0.42E-02
    -0.20E+01
     0.25E-02
     0.57E-03
    -0.37E+00
    -0.17E+00
 
 
    >>Normalized Constraint Values:
    -0.53E-04
    -0.36E-02
    -0.16E-02
    -0.20E+01
     0.21E-02
     0.21E-02
    -0.37E+00
    -0.17E+00
 
 
    >>Normalized Constraint Values:
    -0.59E-04
    -0.40E-02
     0.19E-02
    -0.20E+01
     0.39E-02
     0.35E-03
    -0.37E+00
    -0.17E+00
 
 
    >>Normalized Constraint Values:
     0.19E-03
    -0.34E-02
    -0.56E-02
    -0.20E+01
     0.12E-02
    -0.50E-03
    -0.37E+00
    -0.17E+00
 
 
    >>Normalized Constraint Values:
     0.77E-05
    -0.37E-02
     0.17E-02
    -0.20E+01
    -0.28E-02
     0.14E-02
    -0.37E+00
    -0.17E+00
 
 
    >>Normalized Constraint Values:
     0.13E-03
    -0.32E-02
    -0.92E-03
    -0.20E+01
     0.17E-02
     0.47E-02
    -0.37E+00
    -0.17E+00
 
 
    >>Normalized Constraint Values:
     0.14E-03
     0.39E-03
    -0.16E-02
    -0.20E+01
     0.53E-02
     0.16E-02
    -0.37E+00
    -0.17E+00
 
 
    >>Normalized Constraint Values:
    -0.20E-03
     0.85E-03
    -0.78E-02
    -0.20E+01
     0.61E-04
     0.29E-02
    -0.37E+00
    -0.17E+00
 
 
    >>Normalized Constraint Values:
    -0.17E-03
    -0.11E-03
    -0.58E-02
    -0.20E+01
     0.10E-02
     0.30E-02
    -0.37E+00
    -0.17E+00
 
 
    >>Normalized Constraint Values:
     0.23E-03
     0.24E-02
    -0.17E-02
    -0.20E+01
     0.39E-02
    -0.42E-02
    -0.37E+00
    -0.17E+00
 
 
    >>Normalized Constraint Values:
    -0.50E-04
    -0.84E-03
     0.20E-02
    -0.20E+01
    -0.36E-02
     0.23E-02
    -0.37E+00
    -0.17E+00
 
 
    >>Normalized Constraint Values:
     0.18E-03
     0.70E-04
    -0.16E-02
    -0.20E+01
     0.33E-02
     0.50E-02
    -0.37E+00
    -0.17E+00
 
 
    >>Normalized Constraint Values:
    -0.13E-03
    -0.49E-03
     0.50E-03
    -0.20E+01
     0.17E-02
     0.54E-03
    -0.37E+00
    -0.17E+00
 
   66  0.1515633E+02  0.1447510E-01  0.1679699E-02  0.1743773E+00  0.1110736E-04
 
    >>Normalized Constraint Values:
     0.30E-03
    -0.31E-02
    -0.51E-02
    -0.20E+01
     0.44E-02
     0.23E-02
    -0.37E+00
    -0.17E+00
 
 
    >>Normalized Constraint Values:
     0.13E-05
    -0.32E-02
    -0.53E-02
    -0.20E+01
    -0.11E-02
     0.16E-02
    -0.37E+00
    -0.17E+00
 
 
    >>Normalized Constraint Values:
    -0.12E-03
    -0.24E-03
    -0.83E-03
    -0.20E+01
    -0.18E-03
    -0.13E-02
    -0.37E+00
    -0.17E+00
 
   67  0.1515612E+02  0.3249952E-02  0.1229411E-02  0.2279033E+01  0.1045816E-06
 
    >>Normalized Constraint Values:
     0.82E-04
    -0.37E-02
    -0.34E-02
    -0.20E+01
     0.21E-02
     0.44E-02
    -0.37E+00
    -0.17E+00
 
   68  0.1515556E+02  0.3289524E-02  0.4391105E-02  0.3850880E+01  0.2947262E-05
 
    >>Normalized Constraint Values:
     0.25E-03
    -0.51E-02
    -0.38E-02
    -0.20E+01
    -0.49E-03
     0.80E-02
    -0.37E+00
    -0.17E+00
 
   69  0.1515527E+02  0.2313668E-01  0.7999793E-02  0.7281487E+01  0.9356550E-05
 
    >>Normalized Constraint Values:
     0.13E-03
    -0.53E-02
    -0.28E-02
    -0.20E+01
     0.57E-02
     0.37E-02
    -0.37E+00
    -0.17E+00
 
   70  0.1515447E+02  0.1013459E-01  0.5704016E-02  0.6725180E+01  0.9356550E-05
 
    >>Normalized Constraint Values:
     0.19E-03
    -0.40E-02
    -0.62E-03
    -0.20E+01
     0.22E-02
    -0.47E-02
    -0.37E+00
    -0.17E+00
 
   71  0.1515582E+02  0.1856036E-02  0.4655775E-02  0.6809589E+01  0.9356550E-05
 
    >>Normalized Constraint Values:
     0.39E-04
    -0.24E-02
    -0.36E-02
    -0.20E+01
     0.25E-02
     0.15E-02
    -0.37E+00
    -0.17E+00
 
   72  0.1515524E+02  0.1040997E-01  0.3113763E-02  0.5990792E+01  0.9356550E-05
 
    >>Normalized Constraint Values:
     0.27E-03
    -0.54E-02
    -0.75E-03
    -0.20E+01
     0.66E-03
     0.81E-03
    -0.37E+00
    -0.17E+00
 
   73  0.1515590E+02  0.1115383E-01  0.5393876E-02  0.5697290E+01  0.9356550E-05
 
    >>Normalized Constraint Values:
     0.28E-04
    -0.94E-03
    -0.37E-02
    -0.20E+01
     0.34E-03
     0.35E-03
    -0.37E+00
    -0.17E+00
 
   74  0.1515743E+02  0.2717174E-02  0.3723067E-02  0.2384855E+01  0.9356550E-05
 
    >>Normalized Constraint Values:
    -0.13E-03
     0.11E-02
    -0.20E-02
    -0.20E+01
     0.33E-02
     0.67E-03
    -0.37E+00
    -0.17E+00
 
 
    >>Normalized Constraint Values:
     0.12E-03
     0.58E-03
    -0.47E-02
    -0.20E+01
     0.58E-02
     0.40E-03
    -0.37E+00
    -0.17E+00
 
 
    >>Normalized Constraint Values:
    -0.35E-04
    -0.15E-02
    -0.82E-03
    -0.20E+01
    -0.47E-03
    -0.18E-02
    -0.37E+00
    -0.17E+00
 
   75  0.1515702E+02  0.3602924E-02  0.1795740E-02  0.2967642E+01  0.9356550E-05
 
    >>Normalized Constraint Values:
    -0.38E-04
     0.15E-02
     0.19E-02
    -0.20E+01
     0.46E-03
     0.36E-02
    -0.37E+00
    -0.17E+00
 
 
    >>Normalized Constraint Values:
    -0.38E-04
    -0.19E-02
    -0.85E-03
    -0.20E+01
     0.28E-02
     0.15E-02
    -0.37E+00
    -0.17E+00
 
 
    >>Normalized Constraint Values:
     0.12E-04
    -0.21E-02
     0.10E-02
    -0.20E+01
     0.13E-02
     0.49E-02
    -0.37E+00
    -0.17E+00
 
 
    >>Normalized Constraint Values:
    -0.75E-04
     0.15E-02
     0.18E-02
    -0.20E+01
     0.78E-03
    -0.66E-03
    -0.37E+00
    -0.17E+00
 
 
    >>Normalized Constraint Values:
     0.21E-04
    -0.19E-02
    -0.26E-02
    -0.20E+01
    -0.17E-03
     0.95E-03
    -0.37E+00
    -0.17E+00
 
 
    >>Normalized Constraint Values:
    -0.13E-03
     0.45E-02
    -0.19E-02
    -0.20E+01
     0.12E-02
    -0.20E-02
    -0.37E+00
    -0.17E+00
 
 
    >>Normalized Constraint Values:
    -0.71E-04
    -0.18E-03
    -0.27E-02
    -0.20E+01
    -0.82E-03
     0.19E-02
    -0.37E+00
    -0.17E+00
 
 
    >>Normalized Constraint Values:
    -0.56E-04
     0.17E-02
    -0.16E-02
    -0.20E+01
    -0.48E-03
     0.16E-02
    -0.37E+00
    -0.17E+00
 
 
    >>Normalized Constraint Values:
     0.13E-03
    -0.52E-03
     0.44E-02
    -0.20E+01
    -0.67E-03
     0.20E-02
    -0.37E+00
    -0.17E+00
 
 
    >>Normalized Constraint Values:
    -0.72E-04
     0.26E-02
    -0.16E-02
    -0.20E+01
     0.23E-02
     0.49E-02
    -0.37E+00
    -0.17E+00
 
 
    >>Normalized Constraint Values:
    -0.72E-04
     0.13E-02
    -0.34E-03
    -0.20E+01
    -0.14E-03
     0.58E-02
    -0.37E+00
    -0.17E+00
 
 
    >>Normalized Constraint Values:
     0.15E-03
     0.33E-02
    -0.49E-03
    -0.20E+01
     0.15E-02
    -0.20E-02
    -0.37E+00
    -0.17E+00
 
 
    >>Normalized Constraint Values:
     0.11E-04
     0.49E-02
    -0.12E-02
    -0.20E+01
    -0.20E-03
     0.42E-02
    -0.37E+00
    -0.17E+00
 
 
    >>Normalized Constraint Values:
    -0.41E-04
     0.26E-02
    -0.93E-03
    -0.20E+01
    -0.81E-03
     0.25E-02
    -0.37E+00
    -0.17E+00
 
 
    >>Normalized Constraint Values:
     0.66E-04
    -0.20E-02
    -0.81E-03
    -0.20E+01
     0.16E-02
     0.15E-02
    -0.37E+00
    -0.17E+00
 
 
    >>Normalized Constraint Values:
    -0.43E-04
    -0.19E-02
     0.17E-02
    -0.20E+01
    -0.19E-02
    -0.11E-03
    -0.37E+00
    -0.17E+00
 
 
    >>Normalized Constraint Values:
    -0.26E-04
    -0.44E-02
    -0.31E-02
    -0.20E+01
     0.95E-03
     0.22E-02
    -0.37E+00
    -0.17E+00
 
 
    >>Normalized Constraint Values:
     0.22E-03
    -0.60E-02
    -0.92E-03
    -0.20E+01
    -0.60E-03
     0.22E-02
    -0.37E+00
    -0.17E+00
 
 
    >>Normalized Constraint Values:
     0.24E-04
     0.88E-03
     0.23E-03
    -0.20E+01
    -0.15E-02
     0.35E-03
    -0.37E+00
    -0.17E+00
 
   76  0.1515839E+02  0.1353255E-02  0.1322809E-02  0.1942105E+01  0.9356550E-05
 
    >>Normalized Constraint Values:
     0.99E-05
    -0.90E-05
    -0.76E-03
    -0.20E+01
     0.67E-03
     0.27E-02
    -0.37E+00
    -0.17E+00
 
 
    >>Normalized Constraint Values:
     0.11E-03
     0.54E-02
    -0.76E-03
    -0.20E+01
     0.47E-02
     0.33E-02
    -0.37E+00
    -0.17E+00
 
 
    >>Normalized Constraint Values:
    -0.19E-03
     0.24E-02
    -0.56E-02
    -0.20E+01
    -0.34E-02
     0.15E-02
    -0.37E+00
    -0.17E+00
 
 
    >>Normalized Constraint Values:
     0.42E-04
     0.25E-02
    -0.45E-03
    -0.20E+01
     0.23E-02
     0.46E-02
    -0.37E+00
    -0.17E+00
 
 
    >>Normalized Constraint Values:
     0.15E-03
    -0.17E-02
    -0.72E-03
    -0.20E+01
     0.51E-02
     0.13E-02
    -0.37E+00
    -0.17E+00
 
 
    >>Normalized Constraint Values:
    -0.15E-03
    -0.26E-02
    -0.25E-02
    -0.20E+01
     0.21E-03
     0.15E-02
    -0.37E+00
    -0.17E+00
 
 
    >>Normalized Constraint Values:
     0.12E-03
    -0.10E-03
    -0.24E-02
    -0.20E+01
     0.11E-02
     0.27E-02
    -0.37E+00
    -0.17E+00
 
 
    >>Normalized Constraint Values:
    -0.10E-03
    -0.17E-02
     0.13E-02
    -0.20E+01
    -0.10E-02
     0.24E-02
    -0.37E+00
    -0.17E+00
 
   77  0.1515606E+02  0.1189403E-02  0.2401979E-02  0.1743572E+01  0.9356550E-05
 
    >>Normalized Constraint Values:
     0.96E-05
    -0.23E-02
    -0.44E-02
    -0.20E+01
     0.21E-02
     0.60E-03
    -0.36E+00
    -0.17E+00
 
 
    >>Normalized Constraint Values:
    -0.14E-03
     0.36E-02
     0.18E-02
    -0.20E+01
     0.33E-02
    -0.85E-03
    -0.37E+00
    -0.17E+00
 
 
    >>Normalized Constraint Values:
    -0.72E-04
     0.20E-02
    -0.76E-03
    -0.20E+01
     0.26E-02
     0.69E-04
    -0.37E+00
    -0.17E+00
 
 
    >>Normalized Constraint Values:
     0.32E-04
     0.39E-02
    -0.63E-03
    -0.20E+01
    -0.80E-03
     0.24E-02
    -0.37E+00
    -0.17E+00
 
 
    >>Normalized Constraint Values:
     0.10E-03
     0.45E-02
    -0.14E-03
    -0.20E+01
     0.10E-02
     0.26E-02
    -0.37E+00
    -0.17E+00
 
 
    >>Normalized Constraint Values:
     0.18E-03
     0.22E-02
     0.52E-03
    -0.20E+01
    -0.25E-02
     0.50E-02
    -0.37E+00
    -0.17E+00
 
 
    >>Normalized Constraint Values:
    -0.14E-03
    -0.11E-02
     0.17E-02
    -0.20E+01
     0.98E-03
    -0.36E-03
    -0.37E+00
    -0.17E+00
 
 
    >>Normalized Constraint Values:
     0.29E-06
     0.53E-02
    -0.48E-03
    -0.20E+01
    -0.92E-03
     0.63E-03
    -0.37E+00
    -0.17E+00
 
 
    >>Normalized Constraint Values:
    -0.94E-04
     0.20E-02
    -0.18E-02
    -0.20E+01
     0.64E-03
     0.15E-02
    -0.37E+00
    -0.17E+00
 
 
    >>Normalized Constraint Values:
    -0.50E-04
    -0.59E-03
    -0.12E-02
    -0.20E+01
    -0.67E-04
     0.14E-02
    -0.37E+00
    -0.17E+00
 
 
    >>Normalized Constraint Values:
    -0.15E-03
    -0.41E-04
     0.58E-03
    -0.20E+01
     0.36E-02
     0.51E-03
    -0.37E+00
    -0.17E+00
 
 
    >>Normalized Constraint Values:
    -0.13E-03
     0.29E-02
     0.13E-02
    -0.20E+01
     0.25E-02
    -0.20E-02
    -0.37E+00
    -0.17E+00
 
 
    >>Normalized Constraint Values:
     0.86E-04
     0.37E-03
    -0.96E-03
    -0.20E+01
    -0.23E-02
     0.88E-02
    -0.37E+00
    -0.17E+00
 
 
    >>Normalized Constraint Values:
    -0.90E-05
     0.27E-02
    -0.29E-02
    -0.20E+01
     0.11E-02
     0.12E-02
    -0.37E+00
    -0.17E+00
 
 
    >>Normalized Constraint Values:
    -0.21E-04
    -0.11E-02
    -0.66E-03
    -0.20E+01
     0.13E-02
     0.15E-02
    -0.37E+00
    -0.17E+00
 
 
    >>Normalized Constraint Values:
     0.66E-04
     0.40E-02
    -0.54E-02
    -0.20E+01
     0.10E-02
    -0.11E-02
    -0.37E+00
    -0.17E+00
 
 
    >>Normalized Constraint Values:
     0.69E-05
    -0.38E-02
    -0.41E-02
    -0.20E+01
     0.17E-02
     0.45E-02
    -0.37E+00
    -0.17E+00
 
 
    >>Normalized Constraint Values:
     0.16E-03
    -0.58E-03
    -0.23E-03
    -0.20E+01
    -0.94E-04
     0.26E-02
    -0.37E+00
    -0.17E+00
 
 
    >>Normalized Constraint Values:
     0.14E-03
     0.13E-02
    -0.26E-02
    -0.20E+01
     0.43E-02
     0.17E-02
    -0.37E+00
    -0.17E+00
 
 
    >>Normalized Constraint Values:
    -0.39E-04
     0.21E-02
    -0.65E-03
    -0.20E+01
    -0.95E-03
     0.28E-02
    -0.37E+00
    -0.17E+00
 
 
    >>Normalized Constraint Values:
     0.22E-03
     0.32E-02
     0.73E-03
    -0.20E+01
     0.88E-03
    -0.27E-02
    -0.37E+00
    -0.17E+00
 
 
    >>Normalized Constraint Values:
    -0.22E-03
    -0.28E-02
     0.64E-03
    -0.20E+01
    -0.30E-02
    -0.53E-03
    -0.37E+00
    -0.17E+00
 
   78  0.1515825E+02  0.0000000E+00  0.2385970E-02  0.9990005E+03  0.2401979E-02
 
 The solution was found.
 
 The final value of the objective function is    15.1582474492725     
 
 The optimal values of X are:
 
 X  (           1 ) =    10.2055500251280      in^2
 X  (           2 ) =   0.271206766854305      in^2
 X  (           3 ) =   0.284918800054872      in^2
 X  (           4 ) =    44.9970932799200      deg
 X  (           5 ) =    119.941167898034      deg
 X  (           6 ) =    120.002275885493      deg
 
 The multipliers for the equality constraints are:
 
 LAM(           1 ) =   0.000000000000000E+000
 LAM(           2 ) =   0.000000000000000E+000
 LAM(           3 ) =   0.000000000000000E+000
 LAM(           4 ) =   0.000000000000000E+000
 LAM(           5 ) =   0.000000000000000E+000
 LAM(           6 ) =   0.000000000000000E+000
 LAM(           7 ) =   0.000000000000000E+000
 LAM(           8 ) =   0.000000000000000E+000
 
 Weight and its variance:   15.0823302878900       7.591716138256288E-002
