 
    >>Normalized Constraint Values:
     0.77E+01
     0.43E+01
    -0.32E+01
    -0.64E+01
    -0.40E+01
     0.26E+01
     0.12E+01
     0.41E+01
 
 
 iter    objective      ||grad||        inf_pr          inf_du         lg(mu)
    0  0.3860088E+01  0.0000000E+00  0.7758784E+01  0.1080623E+01  0.1000000E+01
 
    >>Normalized Constraint Values:
     0.38E+01
     0.20E+01
    -0.19E+01
    -0.41E+01
    -0.25E+01
     0.97E+00
     0.53E+00
     0.19E+01
 
    1  0.6265969E+01  0.3178298E+01  0.4205643E+01  0.4352230E+01  0.3867625E+00
 
    >>Normalized Constraint Values:
     0.18E+01
     0.88E+00
    -0.25E+01
    -0.29E+01
    -0.17E+01
     0.23E+01
    -0.71E+00
     0.16E+01
 
    2  0.7725654E+01  0.1823821E+01  0.3084259E+01  0.1825394E+02  0.4703811E+00
 
    >>Normalized Constraint Values:
     0.12E+01
     0.71E+00
    -0.17E+01
    -0.25E+01
    -0.18E+01
     0.85E+00
    -0.58E+00
     0.59E+00
 
    3  0.9538678E+01  0.1520309E+01  0.1565776E+01  0.3275162E+01  0.4626957E+00
 
    >>Normalized Constraint Values:
     0.45E+00
     0.38E+00
    -0.12E+01
    -0.20E+01
    -0.17E+01
    -0.47E-02
    -0.61E+00
    -0.36E-01
 
    4  0.1387123E+02  0.2555684E+01  0.5542113E+00  0.7144630E+01  0.2484249E+00
 
    >>Normalized Constraint Values:
     0.28E+00
     0.21E+00
    -0.13E+01
    -0.19E+01
    -0.17E+01
     0.12E+00
    -0.70E+00
    -0.60E-01
 
    5  0.1512108E+02  0.1479212E+01  0.3061005E+00  0.1241702E+01  0.1174194E+00
 
    >>Normalized Constraint Values:
     0.73E-01
     0.63E-01
    -0.11E+01
    -0.18E+01
    -0.17E+01
    -0.34E-01
    -0.72E+00
    -0.20E+00
 
    6  0.1756732E+02  0.1236113E+01  0.7865371E-01  0.4791881E+01  0.3107621E-01
 
    >>Normalized Constraint Values:
     0.42E-01
     0.34E-01
    -0.11E+01
    -0.17E+01
    -0.17E+01
    -0.15E-01
    -0.73E+00
    -0.20E+00
 
    7  0.1788442E+02  0.4600347E+00  0.4410076E-01  0.2299433E+01  0.2953559E-02
 
    >>Normalized Constraint Values:
     0.10E-01
     0.58E-02
    -0.11E+01
    -0.17E+01
    -0.16E+01
    -0.64E-02
    -0.73E+00
    -0.22E+00
 
    8  0.1836601E+02  0.4466323E+00  0.1001546E-01  0.1382900E+01  0.1474145E-02
 
    >>Normalized Constraint Values:
     0.38E-02
     0.15E-02
    -0.11E+01
    -0.17E+01
    -0.16E+01
    -0.27E-02
    -0.72E+00
    -0.21E+00
 
    9  0.1847645E+02  0.3070895E+00  0.6208900E-02  0.3809159E+00  0.6797369E-03
 
    >>Normalized Constraint Values:
     0.34E-02
     0.70E-02
    -0.11E+01
    -0.17E+01
    -0.16E+01
     0.94E-02
    -0.72E+00
    -0.21E+00
 
 
    >>Normalized Constraint Values:
     0.52E-03
    -0.77E-03
    -0.11E+01
    -0.17E+01
    -0.16E+01
     0.10E-02
    -0.72E+00
    -0.22E+00
 
   10  0.1858855E+02  0.2873041E+00  0.3713677E-02  0.6857189E+00  0.2875527E-04
 
    >>Normalized Constraint Values:
     0.63E-02
     0.26E-02
    -0.11E+01
    -0.17E+01
    -0.16E+01
     0.27E-01
    -0.72E+00
    -0.21E+00
 
   11  0.1857503E+02  0.4155235E+00  0.2705563E-01  0.7466566E+00  0.2308352E-04
 
    >>Normalized Constraint Values:
    -0.15E-03
    -0.39E-02
    -0.96E+00
    -0.17E+01
    -0.16E+01
    -0.19E-01
    -0.72E+00
    -0.20E+00
 
   12  0.1875208E+02  0.1541692E+00  0.1893989E-01  0.1555661E+01  0.1852843E-04
 
    >>Normalized Constraint Values:
     0.13E-03
     0.40E-03
    -0.10E+01
    -0.17E+01
    -0.16E+01
     0.82E-02
    -0.72E+00
    -0.21E+00
 
   13  0.1868066E+02  0.8529730E-01  0.1643192E-01  0.1199056E+00  0.1852843E-04
 
    >>Normalized Constraint Values:
     0.61E-04
    -0.54E-04
    -0.10E+01
    -0.17E+01
    -0.16E+01
     0.91E-03
    -0.72E+00
    -0.21E+00
 
   14  0.1869666E+02  0.3211982E-01  0.2702149E-02  0.1814585E+00  0.1852843E-04
 
    >>Normalized Constraint Values:
     0.59E-04
    -0.70E-03
    -0.10E+01
    -0.17E+01
    -0.16E+01
     0.70E-03
    -0.72E+00
    -0.22E+00
 
 
    >>Normalized Constraint Values:
    -0.45E-03
     0.17E-02
    -0.10E+01
    -0.17E+01
    -0.16E+01
     0.35E-03
    -0.72E+00
    -0.21E+00
 
 
    >>Normalized Constraint Values:
    -0.89E-05
     0.26E-03
    -0.10E+01
    -0.17E+01
    -0.16E+01
     0.42E-03
    -0.72E+00
    -0.21E+00
 
   15  0.1869611E+02  0.8023732E-02  0.2364981E-02  0.3459698E+00  0.1795652E-05
 
    >>Normalized Constraint Values:
    -0.25E-04
     0.38E-03
    -0.10E+01
    -0.17E+01
    -0.16E+01
    -0.32E-02
    -0.72E+00
    -0.21E+00
 
 
    >>Normalized Constraint Values:
    -0.22E-03
    -0.61E-03
    -0.10E+01
    -0.17E+01
    -0.16E+01
     0.29E-02
    -0.72E+00
    -0.21E+00
 
   16  0.1869358E+02  0.1731839E-01  0.2909706E-02  0.3453456E+00  0.2278591E-05
 
    >>Normalized Constraint Values:
    -0.33E-03
     0.24E-02
    -0.96E+00
    -0.17E+01
    -0.16E+01
    -0.87E-02
    -0.71E+00
    -0.20E+00
 
 
    >>Normalized Constraint Values:
     0.40E-03
     0.26E-03
    -0.97E+00
    -0.17E+01
    -0.16E+01
     0.41E-02
    -0.72E+00
    -0.20E+00
 
   17  0.1868750E+02  0.1209340E+00  0.4141877E-02  0.4457033E+00  0.4850933E-06
 
    >>Normalized Constraint Values:
     0.29E-03
    -0.32E-03
    -0.10E+01
    -0.17E+01
    -0.16E+01
     0.75E-02
    -0.72E+00
    -0.21E+00
 
   18  0.1868371E+02  0.8864181E-01  0.8534736E-02  0.7170460E-01  0.8975159E-06
 
    >>Normalized Constraint Values:
    -0.13E-03
     0.90E-03
    -0.10E+01
    -0.17E+01
    -0.16E+01
     0.30E-02
    -0.72E+00
    -0.21E+00
 
   19  0.1869933E+02  0.3435217E-01  0.3548470E-02  0.6683358E+00  0.6868958E-06
 
    >>Normalized Constraint Values:
    -0.70E-02
    -0.14E-01
    -0.13E+01
    -0.17E+01
    -0.16E+01
     0.73E-01
    -0.71E+00
    -0.94E-02
 
 
    >>Normalized Constraint Values:
    -0.14E-02
    -0.37E-02
    -0.12E+01
    -0.17E+01
    -0.16E+01
     0.27E-01
    -0.70E+00
    -0.50E-01
 
 
    >>Normalized Constraint Values:
     0.10E-03
     0.10E-02
    -0.12E+01
    -0.17E+01
    -0.16E+01
     0.18E-01
    -0.70E+00
    -0.56E-01
 
 
    >>Normalized Constraint Values:
    -0.18E-02
    -0.97E-02
    -0.12E+01
    -0.17E+01
    -0.16E+01
     0.17E-01
    -0.70E+00
    -0.59E-01
 
 
    >>Normalized Constraint Values:
    -0.83E-03
    -0.62E-02
    -0.12E+01
    -0.17E+01
    -0.16E+01
     0.30E-01
    -0.72E+00
    -0.20E+00
 
 
    >>Normalized Constraint Values:
     0.28E-03
    -0.14E-04
    -0.11E+01
    -0.17E+01
    -0.16E+01
     0.16E-01
    -0.72E+00
    -0.22E+00
 
 
    >>Normalized Constraint Values:
    -0.32E-03
    -0.44E-03
    -0.11E+01
    -0.17E+01
    -0.16E+01
     0.86E-02
    -0.72E+00
    -0.22E+00
 
 
    >>Normalized Constraint Values:
    -0.10E-03
     0.21E-03
    -0.11E+01
    -0.17E+01
    -0.16E+01
     0.30E-02
    -0.72E+00
    -0.22E+00
 
 
    >>Normalized Constraint Values:
     0.21E-04
    -0.25E-03
    -0.10E+01
    -0.17E+01
    -0.16E+01
     0.48E-02
    -0.72E+00
    -0.21E+00
 
   20  0.1869627E+02  0.7277659E+00  0.4784188E-02  0.7473326E+00  0.6868958E-06
 
    >>Normalized Constraint Values:
     0.11E-03
     0.44E-03
    -0.10E+01
    -0.17E+01
    -0.16E+01
    -0.46E-03
    -0.72E+00
    -0.22E+00
 
   21  0.1870673E+02  0.1147200E-01  0.3185233E-02  0.1636766E+00  0.6868958E-06
 
    >>Normalized Constraint Values:
     0.21E-03
     0.11E-03
    -0.10E+01
    -0.17E+01
    -0.16E+01
    -0.23E-02
    -0.72E+00
    -0.21E+00
 
   22  0.1870641E+02  0.7135706E-02  0.2324680E-02  0.1963785E+00  0.6868958E-06
 
    >>Normalized Constraint Values:
    -0.57E-03
    -0.72E-03
    -0.10E+01
    -0.17E+01
    -0.16E+01
    -0.16E-02
    -0.72E+00
    -0.21E+00
 
   23  0.1870971E+02  0.1547336E-01  0.1640405E-02  0.1062667E+00  0.6868958E-06
 
    >>Normalized Constraint Values:
     0.19E-03
     0.20E-03
    -0.10E+01
    -0.17E+01
    -0.16E+01
     0.13E-02
    -0.72E+00
    -0.21E+00
 
   24  0.1869735E+02  0.3874705E-02  0.4166848E-02  0.9854534E-01  0.6868958E-06
 
    >>Normalized Constraint Values:
     0.12E-03
     0.39E-03
    -0.10E+01
    -0.17E+01
    -0.16E+01
     0.24E-02
    -0.72E+00
    -0.22E+00
 
   25  0.1870022E+02  0.2519296E-01  0.2420261E-02  0.3403146E+00  0.6868958E-06
 
    >>Normalized Constraint Values:
     0.39E-03
    -0.85E-03
    -0.10E+01
    -0.17E+01
    -0.16E+01
    -0.17E-02
    -0.72E+00
    -0.22E+00
 
   26  0.1870773E+02  0.7486521E-02  0.1827925E-02  0.1637230E+00  0.6868958E-06
 
    >>Normalized Constraint Values:
    -0.15E-03
    -0.31E-03
    -0.10E+01
    -0.17E+01
    -0.16E+01
    -0.60E-04
    -0.72E+00
    -0.22E+00
 
   27  0.1870130E+02  0.9622098E-02  0.7480168E-03  0.7840857E-01  0.6868958E-06
 
    >>Normalized Constraint Values:
    -0.32E-03
    -0.87E-03
    -0.10E+01
    -0.17E+01
    -0.16E+01
     0.23E-03
    -0.72E+00
    -0.21E+00
 
 
    >>Normalized Constraint Values:
     0.58E-05
     0.56E-03
    -0.10E+01
    -0.17E+01
    -0.16E+01
     0.20E-04
    -0.72E+00
    -0.21E+00
 
   28  0.1869763E+02  0.5465778E-02  0.1048127E-02  0.4049787E+00  0.1368237E-06
 
    >>Normalized Constraint Values:
     0.22E-04
     0.11E-02
    -0.10E+01
    -0.17E+01
    -0.16E+01
     0.83E-03
    -0.72E+00
    -0.22E+00
 
   29  0.1869727E+02  0.5362204E-02  0.1184722E-02  0.1127204E+00  0.2332255E-07
 
    >>Normalized Constraint Values:
    -0.25E-03
    -0.54E-03
    -0.10E+01
    -0.17E+01
    -0.16E+01
    -0.31E-03
    -0.72E+00
    -0.21E+00
 
 
    >>Normalized Constraint Values:
     0.58E-04
     0.30E-04
    -0.10E+01
    -0.17E+01
    -0.16E+01
     0.82E-03
    -0.72E+00
    -0.21E+00
 
   30  0.1869873E+02  0.1113819E-01  0.1428645E-02  0.1404934E+00  0.1739682E-07
 
    >>Normalized Constraint Values:
     0.23E-03
    -0.54E-03
    -0.10E+01
    -0.17E+01
    -0.16E+01
     0.68E-03
    -0.72E+00
    -0.22E+00
 
 
    >>Normalized Constraint Values:
     0.36E-03
     0.15E-02
    -0.10E+01
    -0.17E+01
    -0.16E+01
     0.56E-03
    -0.72E+00
    -0.22E+00
 
 
    >>Normalized Constraint Values:
    -0.27E-03
    -0.10E-02
    -0.10E+01
    -0.17E+01
    -0.16E+01
    -0.24E-02
    -0.72E+00
    -0.22E+00
 
 
    >>Normalized Constraint Values:
     0.27E-03
     0.11E-02
    -0.10E+01
    -0.17E+01
    -0.16E+01
     0.24E-02
    -0.72E+00
    -0.22E+00
 
 
    >>Normalized Constraint Values:
     0.45E-03
    -0.61E-03
    -0.10E+01
    -0.17E+01
    -0.16E+01
     0.27E-03
    -0.72E+00
    -0.22E+00
 
 
    >>Normalized Constraint Values:
     0.30E-03
    -0.74E-04
    -0.10E+01
    -0.17E+01
    -0.16E+01
     0.83E-03
    -0.72E+00
    -0.22E+00
 
 
    >>Normalized Constraint Values:
     0.24E-04
     0.76E-03
    -0.10E+01
    -0.17E+01
    -0.16E+01
     0.12E-02
    -0.72E+00
    -0.21E+00
 
 
    >>Normalized Constraint Values:
    -0.16E-03
     0.37E-03
    -0.10E+01
    -0.17E+01
    -0.16E+01
     0.82E-03
    -0.72E+00
    -0.22E+00
 
 
    >>Normalized Constraint Values:
     0.47E-03
    -0.42E-03
    -0.10E+01
    -0.17E+01
    -0.16E+01
     0.19E-02
    -0.72E+00
    -0.21E+00
 
 
    >>Normalized Constraint Values:
     0.38E-03
     0.44E-03
    -0.10E+01
    -0.17E+01
    -0.16E+01
    -0.25E-02
    -0.72E+00
    -0.21E+00
 
 
    >>Normalized Constraint Values:
     0.24E-04
     0.95E-03
    -0.10E+01
    -0.17E+01
    -0.16E+01
     0.19E-02
    -0.72E+00
    -0.22E+00
 
 
    >>Normalized Constraint Values:
     0.62E-03
     0.16E-02
    -0.10E+01
    -0.17E+01
    -0.16E+01
     0.31E-03
    -0.72E+00
    -0.21E+00
 
 
    >>Normalized Constraint Values:
     0.65E-03
     0.15E-02
    -0.10E+01
    -0.17E+01
    -0.16E+01
     0.99E-03
    -0.72E+00
    -0.21E+00
 
