 
    >>Normalized Constraint Values:
     0.64E+01
     0.34E+01
    -0.38E+01
    -0.78E+01
    -0.49E+01
     0.21E+01
     0.76E+00
     0.32E+01
 
 
 iter    objective      ||grad||        inf_pr          inf_du         lg(mu)
    0  0.3843569E+01  0.0000000E+00  0.6387337E+01  0.1222373E+01  0.1000000E+01
 
    >>Normalized Constraint Values:
     0.27E+01
     0.17E+01
    -0.23E+01
    -0.45E+01
    -0.34E+01
     0.50E+00
     0.24E+00
     0.12E+01
 
    1  0.6361935E+01  0.6241302E+01  0.3150209E+01  0.3591683E+01  0.4542465E+00
 
    >>Normalized Constraint Values:
     0.12E+01
     0.11E+01
    -0.38E+01
    -0.31E+01
    -0.29E+01
     0.23E+01
    -0.11E+01
     0.14E+01
 
    2  0.7124772E+01  0.1856490E+01  0.2383431E+01  0.1848674E+02  0.5152749E+00
 
    >>Normalized Constraint Values:
     0.77E+00
     0.47E+00
    -0.27E+01
    -0.27E+01
    -0.24E+01
     0.11E+01
    -0.98E+00
     0.60E+00
 
    3  0.8821213E+01  0.1786753E+01  0.1400409E+01  0.9701005E+01  0.4485764E+00
 
    >>Normalized Constraint Values:
     0.78E-01
     0.38E+00
    -0.11E+01
    -0.20E+01
    -0.23E+01
    -0.78E+00
    -0.57E+00
    -0.41E+00
 
    4  0.1521569E+02  0.2512491E+01  0.8745594E+00  0.1089863E+02  0.8830755E+00
 
    >>Normalized Constraint Values:
    -0.28E-01
    -0.25E+00
    -0.17E+01
    -0.19E+01
    -0.17E+01
    -0.92E-01
    -0.92E+00
    -0.25E+00
 
    5  0.1655128E+02  0.1598172E+01  0.4088476E+00  0.3624906E+01  0.1337276E+01
 
    >>Normalized Constraint Values:
    -0.31E-01
    -0.21E+00
    -0.17E+01
    -0.19E+01
    -0.17E+01
    -0.12E+00
    -0.90E+00
    -0.26E+00
 
    6  0.1641284E+02  0.4424875E+00  0.6165141E-02  0.1727351E+01  0.2784228E+00
 
    >>Normalized Constraint Values:
     0.10E-01
    -0.10E+00
    -0.17E+01
    -0.20E+01
    -0.18E+01
     0.77E-01
    -0.88E+00
    -0.16E+00
 
    7  0.1468787E+02  0.1666925E+01  0.1451704E+00  0.1306320E+01  0.3186811E-01
 
    >>Normalized Constraint Values:
    -0.24E-02
     0.86E-03
    -0.14E+01
    -0.20E+01
    -0.17E+01
    -0.77E-02
    -0.77E+00
    -0.20E+00
 
 
    >>Normalized Constraint Values:
    -0.56E-03
    -0.86E-02
    -0.14E+01
    -0.20E+01
    -0.17E+01
     0.94E-02
    -0.78E+00
    -0.19E+00
 
    8  0.1467977E+02  0.6727268E+00  0.5119883E-01  0.5040196E+00  0.3641587E-01
 
    >>Normalized Constraint Values:
     0.34E-03
    -0.22E-02
    -0.13E+01
    -0.20E+01
    -0.17E+01
    -0.74E-02
    -0.77E+00
    -0.18E+00
 
    9  0.1468943E+02  0.1264624E+00  0.2737005E-01  0.2369286E+01  0.2653584E-02
 
    >>Normalized Constraint Values:
    -0.97E-04
     0.59E-02
    -0.12E+01
    -0.20E+01
    -0.17E+01
     0.11E-02
    -0.76E+00
    -0.18E+00
 
   10  0.1468630E+02  0.6207341E-01  0.1487137E-01  0.3786797E+00  0.1177723E-02
 
    >>Normalized Constraint Values:
     0.36E-03
     0.75E-02
    -0.12E+01
    -0.20E+01
    -0.17E+01
     0.16E-01
    -0.75E+00
    -0.17E+00
 
 
    >>Normalized Constraint Values:
     0.44E-03
    -0.69E-03
    -0.12E+01
    -0.20E+01
    -0.16E+01
    -0.92E-02
    -0.75E+00
    -0.17E+00
 
   11  0.1470756E+02  0.4890861E-01  0.9012977E-02  0.4896111E+00  0.1139838E-03
 
    >>Normalized Constraint Values:
     0.11E-02
     0.94E-01
    -0.93E+00
    -0.20E+01
    -0.16E+01
     0.79E-01
    -0.66E+00
    -0.12E+00
 
   12  0.1468878E+02  0.1616357E+00  0.9368420E-01  0.9235602E+00  0.3914754E-04
 
    >>Normalized Constraint Values:
    -0.70E-03
     0.85E-02
    -0.11E+01
    -0.20E+01
    -0.16E+01
    -0.15E-01
    -0.74E+00
    -0.16E+00
 
   13  0.1473924E+02  0.1536468E+00  0.5095931E-01  0.1053399E+01  0.3932600E-04
 
    >>Normalized Constraint Values:
     0.91E-04
     0.50E-02
    -0.11E+01
    -0.20E+01
    -0.16E+01
    -0.39E-02
    -0.73E+00
    -0.15E+00
 
   14  0.1472209E+02  0.6438922E-01  0.1106446E-01  0.7051428E+00  0.3932600E-04
 
    >>Normalized Constraint Values:
     0.29E-03
    -0.49E-02
    -0.11E+01
    -0.20E+01
    -0.16E+01
     0.15E-01
    -0.73E+00
    -0.15E+00
 
   15  0.1472203E+02  0.2126678E-01  0.1498946E-01  0.6333961E+00  0.3932600E-04
 
    >>Normalized Constraint Values:
    -0.11E-03
     0.12E-01
    -0.11E+01
    -0.20E+01
    -0.16E+01
     0.72E-03
    -0.73E+00
    -0.16E+00
 
 
    >>Normalized Constraint Values:
    -0.23E-03
     0.10E-01
    -0.11E+01
    -0.20E+01
    -0.16E+01
     0.72E-02
    -0.73E+00
    -0.16E+00
 
 
    >>Normalized Constraint Values:
    -0.30E-04
     0.13E-01
    -0.11E+01
    -0.20E+01
    -0.16E+01
     0.15E-01
    -0.72E+00
    -0.15E+00
 
 
    >>Normalized Constraint Values:
    -0.46E-04
     0.17E-02
    -0.11E+01
    -0.20E+01
    -0.16E+01
     0.24E-01
    -0.74E+00
    -0.15E+00
 
 
    >>Normalized Constraint Values:
     0.37E-03
     0.59E-02
    -0.11E+01
    -0.20E+01
    -0.16E+01
     0.12E-01
    -0.74E+00
    -0.14E+00
 
   16  0.1472180E+02  0.2291172E-01  0.1182784E-01  0.1315065E+01  0.3932600E-04
 
    >>Normalized Constraint Values:
    -0.49E-03
     0.17E-01
    -0.11E+01
    -0.20E+01
    -0.15E+01
     0.16E-01
    -0.71E+00
    -0.17E+00
 
