 
    >>Normalized Constraint Values:
     0.64E+01
     0.34E+01
    -0.38E+01
    -0.78E+01
    -0.49E+01
     0.21E+01
     0.76E+00
     0.32E+01
 
 
 iter    objective      ||grad||        inf_pr          inf_du         lg(mu)
    0  0.3843675E+01  0.0000000E+00  0.6386192E+01  0.1230940E+01  0.1000000E+01
 
    >>Normalized Constraint Values:
     0.27E+01
     0.17E+01
    -0.23E+01
    -0.45E+01
    -0.34E+01
     0.49E+00
     0.23E+00
     0.12E+01
 
    1  0.6336951E+01  0.6221833E+01  0.3147500E+01  0.3583741E+01  0.4542229E+00
 
    >>Normalized Constraint Values:
     0.12E+01
     0.10E+01
    -0.38E+01
    -0.31E+01
    -0.29E+01
     0.23E+01
    -0.11E+01
     0.15E+01
 
    2  0.7128202E+01  0.1885757E+01  0.2422363E+01  0.1944246E+02  0.5150737E+00
 
    >>Normalized Constraint Values:
     0.71E+00
     0.43E+00
    -0.26E+01
    -0.27E+01
    -0.23E+01
     0.98E+00
    -0.97E+00
     0.52E+00
 
    3  0.9066905E+01  0.1816712E+01  0.1295201E+01  0.7729251E+01  0.4516409E+00
 
    >>Normalized Constraint Values:
     0.78E-01
     0.34E+00
    -0.11E+01
    -0.20E+01
    -0.22E+01
    -0.75E+00
    -0.60E+00
    -0.40E+00
 
    4  0.1501802E+02  0.2401502E+01  0.7147020E+00  0.9230883E+01  0.6791973E+00
 
    >>Normalized Constraint Values:
    -0.17E-01
    -0.93E-01
    -0.16E+01
    -0.20E+01
    -0.18E+01
    -0.13E+00
    -0.88E+00
    -0.26E+00
 
    5  0.1568581E+02  0.1024421E+01  0.1831678E+00  0.4717848E+01  0.5951393E+00
 
    >>Normalized Constraint Values:
    -0.61E-02
    -0.72E-01
    -0.16E+01
    -0.20E+01
    -0.19E+01
    -0.11E+00
    -0.87E+00
    -0.25E+00
 
    6  0.1543096E+02  0.2001027E+00  0.8643781E-02  0.7323523E+00  0.7504251E-01
 
    >>Normalized Constraint Values:
     0.77E-02
     0.55E-01
    -0.13E+01
    -0.20E+01
    -0.18E+01
     0.16E+00
    -0.75E+00
    -0.13E+00
 
    7  0.1487725E+02  0.8258257E+00  0.2891162E+00  0.7983493E+01  0.1627017E-01
 
    >>Normalized Constraint Values:
    -0.24E-01
    -0.11E+00
    -0.17E+01
    -0.20E+01
    -0.18E+01
    -0.38E-01
    -0.88E+00
    -0.22E+00
 
    8  0.1552266E+02  0.6228033E+00  0.4199969E+00  0.2921750E+01  0.1260739E+00
 
    >>Normalized Constraint Values:
    -0.83E-02
    -0.25E-01
    -0.15E+01
    -0.20E+01
    -0.18E+01
    -0.11E+00
    -0.81E+00
    -0.25E+00
 
    9  0.1514651E+02  0.5164266E+00  0.7624676E-01  0.3343161E+01  0.1000650E+00
 
    >>Normalized Constraint Values:
    -0.80E-02
     0.27E-02
    -0.14E+01
    -0.20E+01
    -0.18E+01
     0.80E-01
    -0.78E+00
    -0.17E+00
 
   10  0.1471815E+02  0.1645961E+01  0.1345403E+00  0.5056462E+01  0.1665099E-01
 
    >>Normalized Constraint Values:
     0.18E-02
    -0.54E-01
    -0.14E+01
    -0.20E+01
    -0.18E+01
    -0.13E-01
    -0.83E+00
    -0.16E+00
 
   11  0.1478026E+02  0.2256382E+00  0.5243500E-01  0.1526189E+01  0.3853874E-01
 
    >>Normalized Constraint Values:
    -0.20E-02
    -0.27E-02
    -0.13E+01
    -0.20E+01
    -0.18E+01
    -0.13E-01
    -0.78E+00
    -0.19E+00
 
   12  0.1472444E+02  0.1490503E+00  0.1685594E-01  0.1460177E+01  0.1633820E-01
 
    >>Normalized Constraint Values:
    -0.59E-03
     0.25E-01
    -0.12E+01
    -0.20E+01
    -0.17E+01
     0.14E-01
    -0.75E+00
    -0.18E+00
 
   13  0.1467651E+02  0.8853750E-01  0.4443736E-01  0.3119860E+00  0.5224175E-02
 
    >>Normalized Constraint Values:
     0.70E-03
     0.12E-01
    -0.11E+01
    -0.20E+01
    -0.17E+01
    -0.11E-02
    -0.75E+00
    -0.16E+00
 
   14  0.1469483E+02  0.1078632E+00  0.1652905E-01  0.4871274E+00  0.2130684E-02
 
    >>Normalized Constraint Values:
     0.26E-03
     0.59E-02
    -0.11E+01
    -0.20E+01
    -0.16E+01
     0.27E-03
    -0.75E+00
    -0.15E+00
 
   15  0.1470799E+02  0.3507518E-01  0.8040214E-02  0.4960221E+00  0.2682319E-03
 
    >>Normalized Constraint Values:
     0.69E-04
     0.18E-02
    -0.11E+01
    -0.20E+01
    -0.16E+01
     0.15E-02
    -0.75E+00
    -0.15E+00
 
   16  0.1471475E+02  0.1633498E-01  0.2476450E-02  0.5520598E+00  0.3402414E-05
 
    >>Normalized Constraint Values:
     0.37E-03
     0.39E-01
    -0.10E+01
    -0.20E+01
    -0.16E+01
     0.42E-02
    -0.71E+00
    -0.16E+00
 
   17  0.1471374E+02  0.8875714E-01  0.4009026E-01  0.4194338E+00  0.7944660E-03
 
    >>Normalized Constraint Values:
    -0.50E-03
    -0.48E-02
    -0.11E+01
    -0.20E+01
    -0.15E+01
    -0.28E-02
    -0.73E+00
    -0.16E+00
 
   18  0.1473578E+02  0.6153201E-01  0.9753018E-02  0.9880317E+00  0.4253504E-03
 
    >>Normalized Constraint Values:
    -0.32E-03
    -0.66E-03
    -0.11E+01
    -0.20E+01
    -0.15E+01
    -0.25E-02
    -0.73E+00
    -0.17E+00
 
   19  0.1472761E+02  0.1991227E-01  0.2993230E-02  0.5246494E+00  0.4253504E-03
 
    >>Normalized Constraint Values:
    -0.20E-02
    -0.36E-02
    -0.12E+01
    -0.20E+01
    -0.15E+01
     0.55E-03
    -0.71E+00
    -0.20E+00
 
 
    >>Normalized Constraint Values:
     0.17E-03
    -0.25E-03
    -0.12E+01
    -0.20E+01
    -0.15E+01
    -0.40E-02
    -0.71E+00
    -0.20E+00
 
   20  0.1470674E+02  0.1451988E+00  0.3230101E-02  0.9079376E+00  0.4253504E-03
 
    >>Normalized Constraint Values:
     0.87E-03
    -0.11E-01
    -0.12E+01
    -0.20E+01
    -0.15E+01
     0.97E-02
    -0.73E+00
    -0.17E+00
 
   21  0.1470028E+02  0.1063708E+00  0.1105444E-01  0.7860695E+00  0.1280712E-03
 
    >>Normalized Constraint Values:
     0.44E-03
     0.35E-02
    -0.11E+01
    -0.20E+01
    -0.15E+01
     0.56E-02
    -0.72E+00
    -0.17E+00
 
   22  0.1471261E+02  0.5865922E-01  0.5562303E-02  0.6981328E-02  0.3002830E-05
 
    >>Normalized Constraint Values:
     0.59E-04
     0.67E-03
    -0.11E+01
    -0.20E+01
    -0.15E+01
    -0.38E-02
    -0.72E+00
    -0.17E+00
 
   23  0.1472333E+02  0.8478079E-02  0.3738526E-02  0.7809380E-01  0.9037883E-05
 
    >>Normalized Constraint Values:
    -0.41E-04
    -0.54E-03
    -0.11E+01
    -0.20E+01
    -0.15E+01
     0.17E-02
    -0.73E+00
    -0.17E+00
 
   24  0.1472254E+02  0.3133436E-02  0.2780711E-02  0.1359074E+00  0.9037883E-05
 
    >>Normalized Constraint Values:
     0.91E-04
     0.21E-02
    -0.11E+01
    -0.20E+01
    -0.15E+01
    -0.18E-02
    -0.72E+00
    -0.17E+00
 
   25  0.1472214E+02  0.8280065E-02  0.2159479E-02  0.2335957E-01  0.9037883E-05
 
    >>Normalized Constraint Values:
     0.35E-04
    -0.75E-04
    -0.11E+01
    -0.20E+01
    -0.15E+01
     0.36E-02
    -0.73E+00
    -0.16E+00
 
 
    >>Normalized Constraint Values:
     0.16E-03
     0.19E-03
    -0.11E+01
    -0.20E+01
    -0.15E+01
    -0.73E-03
    -0.72E+00
    -0.16E+00
 
   26  0.1472542E+02  0.7102018E-02  0.1847694E-02  0.9028345E-01  0.9037883E-05
 
    >>Normalized Constraint Values:
    -0.97E-04
     0.18E-03
    -0.11E+01
    -0.20E+01
    -0.15E+01
     0.30E-02
    -0.72E+00
    -0.16E+00
 
 
    >>Normalized Constraint Values:
     0.35E-04
     0.90E-03
    -0.11E+01
    -0.20E+01
    -0.15E+01
    -0.35E-02
    -0.72E+00
    -0.16E+00
 
 
    >>Normalized Constraint Values:
    -0.12E-03
    -0.22E-02
    -0.11E+01
    -0.20E+01
    -0.15E+01
    -0.42E-03
    -0.72E+00
    -0.16E+00
 
 
    >>Normalized Constraint Values:
     0.14E-04
     0.12E-02
    -0.11E+01
    -0.20E+01
    -0.15E+01
     0.32E-02
    -0.72E+00
    -0.16E+00
 
 
    >>Normalized Constraint Values:
     0.56E-04
     0.65E-03
    -0.11E+01
    -0.20E+01
    -0.15E+01
    -0.87E-03
    -0.72E+00
    -0.16E+00
 
 
    >>Normalized Constraint Values:
     0.15E-03
     0.48E-03
    -0.11E+01
    -0.20E+01
    -0.15E+01
     0.40E-02
    -0.72E+00
    -0.16E+00
 
 
    >>Normalized Constraint Values:
     0.14E-03
     0.60E-03
    -0.11E+01
    -0.20E+01
    -0.15E+01
    -0.26E-02
    -0.72E+00
    -0.16E+00
 
 
    >>Normalized Constraint Values:
     0.66E-04
     0.27E-03
    -0.11E+01
    -0.20E+01
    -0.15E+01
     0.52E-03
    -0.72E+00
    -0.16E+00
 
 
    >>Normalized Constraint Values:
     0.53E-04
     0.14E-03
    -0.11E+01
    -0.20E+01
    -0.15E+01
     0.27E-02
    -0.72E+00
    -0.16E+00
 
 
    >>Normalized Constraint Values:
     0.17E-03
     0.33E-03
    -0.11E+01
    -0.20E+01
    -0.15E+01
     0.80E-03
    -0.72E+00
    -0.16E+00
 
 
    >>Normalized Constraint Values:
     0.17E-03
    -0.10E-03
    -0.11E+01
    -0.20E+01
    -0.15E+01
     0.15E-02
    -0.72E+00
    -0.16E+00
 
   27  0.1472500E+02  0.5772780E-02  0.2305123E-02  0.1052651E+00  0.1489528E-05
 
    >>Normalized Constraint Values:
    -0.13E-03
     0.47E-03
    -0.11E+01
    -0.20E+01
    -0.15E+01
    -0.99E-03
    -0.72E+00
    -0.17E+00
 
   28  0.1472897E+02  0.2051837E-02  0.9887144E-03  0.7451741E-01  0.9232286E-07
 
    >>Normalized Constraint Values:
    -0.91E-04
     0.12E-02
    -0.11E+01
    -0.20E+01
    -0.15E+01
    -0.15E-02
    -0.72E+00
    -0.16E+00
 
   29  0.1472719E+02  0.2331477E-02  0.2407014E-02  0.2542942E+00  0.7039866E-08
 
    >>Normalized Constraint Values:
     0.11E-03
    -0.34E-03
    -0.11E+01
    -0.20E+01
    -0.15E+01
    -0.14E-02
    -0.72E+00
    -0.16E+00
 
   30  0.1472460E+02  0.4251199E-02  0.3140005E-02  0.9487356E-01  0.6358110E-08
 
    >>Normalized Constraint Values:
     0.59E-04
     0.11E-04
    -0.11E+01
    -0.20E+01
    -0.15E+01
     0.58E-02
    -0.72E+00
    -0.16E+00
 
 
    >>Normalized Constraint Values:
    -0.17E-03
    -0.94E-03
    -0.11E+01
    -0.20E+01
    -0.15E+01
    -0.13E-02
    -0.72E+00
    -0.17E+00
 
   31  0.1472947E+02  0.2955759E-02  0.1390964E-02  0.5554074E-01  0.5390740E-09
 
    >>Normalized Constraint Values:
    -0.43E-04
    -0.36E-03
    -0.11E+01
    -0.20E+01
    -0.15E+01
    -0.30E-03
    -0.72E+00
    -0.17E+00
 
   32  0.1472609E+02  0.3006604E-02  0.1282797E-02  0.6483246E-01  0.3817891E-09
 
    >>Normalized Constraint Values:
     0.10E-03
     0.41E-03
    -0.11E+01
    -0.20E+01
    -0.15E+01
    -0.14E-02
    -0.72E+00
    -0.17E+00
 
   33  0.1472548E+02  0.1760621E-02  0.1405158E-02  0.3490810E-01  0.1299059E-10
 
    >>Normalized Constraint Values:
     0.52E-04
     0.17E-02
    -0.11E+01
    -0.20E+01
    -0.15E+01
    -0.20E-03
    -0.72E+00
    -0.17E+00
 
   34  0.1472594E+02  0.2473458E-02  0.1725227E-02  0.1567506E-01  0.1068890E-10
 
    >>Normalized Constraint Values:
    -0.55E-04
     0.74E-03
    -0.11E+01
    -0.20E+01
    -0.15E+01
    -0.17E-02
    -0.72E+00
    -0.17E+00
 
 
    >>Normalized Constraint Values:
    -0.53E-04
    -0.12E-02
    -0.11E+01
    -0.20E+01
    -0.15E+01
     0.29E-02
    -0.72E+00
    -0.17E+00
 
 
    >>Normalized Constraint Values:
     0.32E-04
     0.93E-03
    -0.11E+01
    -0.20E+01
    -0.15E+01
    -0.92E-03
    -0.72E+00
    -0.17E+00
 
   35  0.1472588E+02  0.3689218E-02  0.2264564E-02  0.1980914E-01  0.1068890E-10
 
    >>Normalized Constraint Values:
     0.77E-04
     0.79E-03
    -0.11E+01
    -0.20E+01
    -0.15E+01
     0.58E-03
    -0.72E+00
    -0.17E+00
 
 
    >>Normalized Constraint Values:
    -0.17E-03
    -0.11E-02
    -0.11E+01
    -0.20E+01
    -0.15E+01
    -0.94E-03
    -0.72E+00
    -0.17E+00
 
 
    >>Normalized Constraint Values:
    -0.44E-05
     0.60E-03
    -0.11E+01
    -0.20E+01
    -0.15E+01
     0.49E-03
    -0.72E+00
    -0.17E+00
 
   36  0.1472652E+02  0.4356569E-02  0.1023907E-02  0.1121718E+00  0.1068890E-10
 
    >>Normalized Constraint Values:
     0.31E-04
    -0.95E-03
    -0.11E+01
    -0.20E+01
    -0.15E+01
    -0.11E-02
    -0.72E+00
    -0.17E+00
 
 
    >>Normalized Constraint Values:
     0.17E-04
     0.86E-03
    -0.11E+01
    -0.20E+01
    -0.15E+01
    -0.17E-02
    -0.72E+00
    -0.17E+00
 
   37  0.1472540E+02  0.1097430E-02  0.2751378E-02  0.3927463E-01  0.1068890E-10
 
    >>Normalized Constraint Values:
    -0.54E-04
    -0.36E-03
    -0.11E+01
    -0.20E+01
    -0.15E+01
     0.12E-02
    -0.72E+00
    -0.17E+00
 
   38  0.1472624E+02  0.1225320E-02  0.1607058E-02  0.5430519E-01  0.1068890E-10
 
    >>Normalized Constraint Values:
     0.11E-04
     0.81E-03
    -0.11E+01
    -0.20E+01
    -0.15E+01
    -0.23E-02
    -0.72E+00
    -0.17E+00
 
   39  0.1472444E+02  0.1202969E-02  0.2294563E-02  0.4205609E-01  0.1068890E-10
 
    >>Normalized Constraint Values:
     0.29E-04
    -0.21E-03
    -0.11E+01
    -0.20E+01
    -0.15E+01
     0.16E-02
    -0.72E+00
    -0.17E+00
 
   40  0.1472505E+02  0.2665304E-02  0.1569853E-02  0.1360162E+00  0.1068890E-10
 
    >>Normalized Constraint Values:
     0.18E-04
    -0.13E-03
    -0.11E+01
    -0.20E+01
    -0.15E+01
     0.38E-02
    -0.72E+00
    -0.17E+00
 
 
    >>Normalized Constraint Values:
    -0.51E-04
    -0.78E-03
    -0.11E+01
    -0.20E+01
    -0.15E+01
    -0.32E-02
    -0.72E+00
    -0.17E+00
 
 
    >>Normalized Constraint Values:
     0.62E-04
    -0.13E-02
    -0.11E+01
    -0.20E+01
    -0.15E+01
     0.20E-02
    -0.72E+00
    -0.16E+00
 
 
    >>Normalized Constraint Values:
     0.53E-04
     0.72E-05
    -0.11E+01
    -0.20E+01
    -0.15E+01
     0.97E-03
    -0.72E+00
    -0.17E+00
 
   41  0.1472467E+02  0.1231367E-02  0.2429809E-02  0.1651528E+00  0.1000000E-10
 
    >>Normalized Constraint Values:
    -0.54E-04
    -0.25E-02
    -0.11E+01
    -0.20E+01
    -0.15E+01
    -0.64E-03
    -0.72E+00
    -0.17E+00
 
 
    >>Normalized Constraint Values:
     0.92E-05
     0.76E-03
    -0.11E+01
    -0.20E+01
    -0.15E+01
     0.23E-02
    -0.72E+00
    -0.17E+00
 
 
    >>Normalized Constraint Values:
    -0.57E-04
    -0.70E-03
    -0.11E+01
    -0.20E+01
    -0.15E+01
     0.66E-03
    -0.72E+00
    -0.17E+00
 
   42  0.1472650E+02  0.3298151E-02  0.1355387E-02  0.2885752E-01  0.1003745E-10
 
    >>Normalized Constraint Values:
     0.35E-04
     0.11E-02
    -0.11E+01
    -0.20E+01
    -0.15E+01
    -0.27E-04
    -0.72E+00
    -0.17E+00
 
   43  0.1472582E+02  0.1422987E-02  0.1063654E-02  0.4855596E-02  0.1000000E-10
 
    >>Normalized Constraint Values:
     0.54E-03
     0.51E-01
    -0.98E+00
    -0.20E+01
    -0.14E+01
    -0.42E-03
    -0.67E+00
    -0.18E+00
 
   44  0.1472448E+02  0.8568690E-01  0.5064916E-01  0.3023690E+00  0.1000000E-10
 
    >>Normalized Constraint Values:
    -0.90E-03
    -0.12E-01
    -0.11E+01
    -0.20E+01
    -0.15E+01
    -0.47E-03
    -0.72E+00
    -0.18E+00
 
   45  0.1473597E+02  0.1513549E+00  0.3309658E-01  0.7506854E+00  0.1000000E-10
 
    >>Normalized Constraint Values:
     0.40E-03
    -0.14E-02
    -0.11E+01
    -0.20E+01
    -0.15E+01
     0.46E-02
    -0.73E+00
    -0.16E+00
 
   46  0.1471916E+02  0.5667803E-01  0.4617345E-02  0.9771146E+00  0.1000000E-10
 
    >>Normalized Constraint Values:
    -0.11E-03
    -0.73E-03
    -0.11E+01
    -0.20E+01
    -0.15E+01
    -0.11E-02
    -0.72E+00
    -0.17E+00
 
   47  0.1472644E+02  0.6365914E-02  0.2025443E-02  0.2397996E+00  0.1000000E-10
 
    >>Normalized Constraint Values:
     0.12E-03
     0.13E-03
    -0.11E+01
    -0.20E+01
    -0.15E+01
     0.27E-02
    -0.72E+00
    -0.17E+00
 
   48  0.1472330E+02  0.4840336E-02  0.2745833E-02  0.3784176E-01  0.1000000E-10
 
    >>Normalized Constraint Values:
    -0.75E-04
     0.13E-02
    -0.11E+01
    -0.20E+01
    -0.15E+01
    -0.47E-02
    -0.72E+00
    -0.17E+00
 
 
    >>Normalized Constraint Values:
     0.31E-04
    -0.36E-03
    -0.11E+01
    -0.20E+01
    -0.15E+01
     0.23E-02
    -0.72E+00
    -0.16E+00
 
 
    >>Normalized Constraint Values:
     0.19E-04
    -0.83E-03
    -0.11E+01
    -0.20E+01
    -0.15E+01
     0.12E-02
    -0.72E+00
    -0.16E+00
 
   49  0.1472665E+02  0.6073746E-02  0.1201382E-02  0.2476920E-01  0.1000000E-10
 
    >>Normalized Constraint Values:
    -0.37E-04
    -0.50E-03
    -0.11E+01
    -0.20E+01
    -0.15E+01
    -0.23E-03
    -0.72E+00
    -0.17E+00
 
   50  0.1472583E+02  0.2914359E-02  0.1593833E-02  0.2380426E-01  0.1000000E-10
 
    >>Normalized Constraint Values:
     0.22E-04
     0.31E-02
    -0.11E+01
    -0.20E+01
    -0.15E+01
    -0.26E-02
    -0.72E+00
    -0.17E+00
 
   51  0.1472513E+02  0.7000068E-02  0.3108199E-02  0.1304203E+00  0.1000000E-10
 
    >>Normalized Constraint Values:
    -0.38E-04
    -0.42E-03
    -0.11E+01
    -0.20E+01
    -0.15E+01
     0.18E-02
    -0.72E+00
    -0.17E+00
 
   52  0.1472576E+02  0.2808420E-02  0.1845131E-02  0.1996223E-01  0.1000000E-10
 
    >>Normalized Constraint Values:
    -0.47E-04
    -0.19E-02
    -0.11E+01
    -0.20E+01
    -0.15E+01
     0.17E-02
    -0.72E+00
    -0.17E+00
 
   53  0.1472472E+02  0.1621146E-02  0.2457367E-02  0.1200091E-01  0.1000000E-10
 
    >>Normalized Constraint Values:
    -0.11E-03
     0.33E-03
    -0.11E+01
    -0.20E+01
    -0.15E+01
    -0.38E-02
    -0.72E+00
    -0.17E+00
 
 
    >>Normalized Constraint Values:
     0.61E-04
    -0.57E-03
    -0.11E+01
    -0.20E+01
    -0.15E+01
     0.35E-02
    -0.72E+00
    -0.17E+00
 
   54  0.1472126E+02  0.3586370E-02  0.3451903E-02  0.1349166E-01  0.1000000E-10
 
    >>Normalized Constraint Values:
    -0.51E-04
    -0.92E-03
    -0.11E+01
    -0.20E+01
    -0.15E+01
    -0.29E-02
    -0.72E+00
    -0.17E+00
 
 
    >>Normalized Constraint Values:
    -0.11E-03
    -0.11E-02
    -0.11E+01
    -0.20E+01
    -0.15E+01
    -0.87E-03
    -0.72E+00
    -0.17E+00
 
   55  0.1472160E+02  0.1130533E-01  0.1918609E-02  0.1679726E+00  0.1000000E-10
 
    >>Normalized Constraint Values:
     0.93E-04
    -0.15E-03
    -0.11E+01
    -0.20E+01
    -0.15E+01
     0.13E-02
    -0.72E+00
    -0.17E+00
 
   56  0.1471950E+02  0.6985635E-02  0.2888196E-02  0.1443841E-01  0.1000000E-10
 
    >>Normalized Constraint Values:
     0.37E-03
     0.60E-02
    -0.11E+01
    -0.20E+01
    -0.15E+01
     0.38E-02
    -0.72E+00
    -0.17E+00
 
 
    >>Normalized Constraint Values:
    -0.16E-05
     0.39E-03
    -0.11E+01
    -0.20E+01
    -0.15E+01
     0.81E-03
    -0.72E+00
    -0.17E+00
 
   57  0.1473122E+02  0.2834783E-01  0.1041936E-02  0.1489853E+00  0.1000000E-10
 
    >>Normalized Constraint Values:
    -0.97E-04
    -0.17E-02
    -0.11E+01
    -0.20E+01
    -0.15E+01
    -0.14E-02
    -0.72E+00
    -0.17E+00
 
 
    >>Normalized Constraint Values:
     0.72E-05
     0.33E-03
    -0.11E+01
    -0.20E+01
    -0.15E+01
    -0.66E-03
    -0.72E+00
    -0.17E+00
 
   58  0.1472943E+02  0.7528766E-02  0.1303908E-02  0.9982155E-01  0.1000000E-10
 
    >>Normalized Constraint Values:
    -0.17E-03
    -0.29E-02
    -0.11E+01
    -0.20E+01
    -0.15E+01
     0.63E-03
    -0.72E+00
    -0.17E+00
 
 
    >>Normalized Constraint Values:
    -0.13E-03
    -0.14E-02
    -0.11E+01
    -0.20E+01
    -0.15E+01
    -0.54E-02
    -0.72E+00
    -0.17E+00
 
 
    >>Normalized Constraint Values:
    -0.18E-03
    -0.16E-02
    -0.11E+01
    -0.20E+01
    -0.15E+01
    -0.37E-03
    -0.72E+00
    -0.17E+00
 
   59  0.1472877E+02  0.1596539E-01  0.1932121E-02  0.1173044E+00  0.1000000E-10
 
    >>Normalized Constraint Values:
     0.47E-04
     0.56E-03
    -0.11E+01
    -0.20E+01
    -0.15E+01
    -0.17E-02
    -0.72E+00
    -0.17E+00
 
   60  0.1472520E+02  0.4111648E-02  0.1998703E-02  0.6648354E-01  0.1000000E-10
 
    >>Normalized Constraint Values:
     0.28E-04
    -0.29E-03
    -0.11E+01
    -0.20E+01
    -0.15E+01
     0.25E-02
    -0.72E+00
    -0.17E+00
 
 
    >>Normalized Constraint Values:
    -0.11E-03
    -0.47E-03
    -0.11E+01
    -0.20E+01
    -0.15E+01
     0.15E-02
    -0.72E+00
    -0.17E+00
 
   61  0.1472672E+02  0.1040903E-02  0.1528617E-02  0.1556721E-01  0.1000000E-10
 
    >>Normalized Constraint Values:
     0.11E-03
     0.72E-03
    -0.11E+01
    -0.20E+01
    -0.15E+01
    -0.26E-02
    -0.72E+00
    -0.17E+00
 
 
    >>Normalized Constraint Values:
     0.12E-04
    -0.45E-03
    -0.11E+01
    -0.20E+01
    -0.15E+01
    -0.17E-02
    -0.72E+00
    -0.17E+00
 
   62  0.1472663E+02  0.6539801E-02  0.1695927E-02  0.9205124E-01  0.1000000E-10
 
    >>Normalized Constraint Values:
    -0.17E-04
     0.18E-02
    -0.11E+01
    -0.20E+01
    -0.15E+01
     0.46E-03
    -0.72E+00
    -0.16E+00
 
 
    >>Normalized Constraint Values:
     0.71E-04
    -0.39E-03
    -0.11E+01
    -0.20E+01
    -0.15E+01
     0.38E-02
    -0.72E+00
    -0.17E+00
 
 
    >>Normalized Constraint Values:
    -0.57E-05
    -0.11E-03
    -0.11E+01
    -0.20E+01
    -0.15E+01
    -0.95E-03
    -0.72E+00
    -0.17E+00
 
   63  0.1472607E+02  0.5088621E-02  0.1806408E-02  0.5218698E-01  0.1000000E-10
 
    >>Normalized Constraint Values:
    -0.17E-03
     0.14E-02
    -0.11E+01
    -0.20E+01
    -0.15E+01
    -0.19E-03
    -0.72E+00
    -0.17E+00
 
 
    >>Normalized Constraint Values:
    -0.61E-04
    -0.15E-03
    -0.11E+01
    -0.20E+01
    -0.15E+01
     0.11E-02
    -0.72E+00
    -0.17E+00
 
   64  0.1472358E+02  0.1378509E-01  0.3801434E-02  0.3299649E+00  0.1000000E-10
 
    >>Normalized Constraint Values:
     0.19E-03
    -0.12E-02
    -0.11E+01
    -0.20E+01
    -0.15E+01
    -0.25E-02
    -0.72E+00
    -0.17E+00
 
 
    >>Normalized Constraint Values:
    -0.21E-04
    -0.25E-03
    -0.11E+01
    -0.20E+01
    -0.15E+01
    -0.18E-02
    -0.72E+00
    -0.17E+00
 
   65  0.1472433E+02  0.3697043E-02  0.1805649E-02  0.6816118E-01  0.1000000E-10
 
    >>Normalized Constraint Values:
     0.33E-05
     0.28E-03
    -0.11E+01
    -0.20E+01
    -0.15E+01
     0.64E-02
    -0.72E+00
    -0.17E+00
 
   66  0.1472220E+02  0.2214656E-02  0.6401962E-02  0.7296427E-01  0.1000000E-10
 
    >>Normalized Constraint Values:
    -0.78E-04
     0.94E-03
    -0.11E+01
    -0.20E+01
    -0.15E+01
    -0.25E-02
    -0.72E+00
    -0.17E+00
 
   67  0.1472622E+02  0.4468673E-02  0.2538309E-02  0.1682117E-01  0.1000000E-10
 
    >>Normalized Constraint Values:
     0.60E-04
    -0.82E-03
    -0.11E+01
    -0.20E+01
    -0.15E+01
     0.66E-03
    -0.72E+00
    -0.17E+00
 
   68  0.1472334E+02  0.3818045E-02  0.8203331E-03  0.4443654E-01  0.1000000E-10
 
    >>Normalized Constraint Values:
    -0.86E-04
    -0.35E-03
    -0.11E+01
    -0.20E+01
    -0.15E+01
     0.11E-02
    -0.72E+00
    -0.17E+00
 
   69  0.1472453E+02  0.1741955E-02  0.1088775E-02  0.2397701E-01  0.1000000E-10
 
    >>Normalized Constraint Values:
     0.65E-05
     0.96E-03
    -0.11E+01
    -0.20E+01
    -0.15E+01
     0.13E-02
    -0.72E+00
    -0.17E+00
 
   70  0.1472329E+02  0.3661938E-02  0.1265986E-02  0.7256185E-02  0.1000000E-10
 
    >>Normalized Constraint Values:
     0.13E-04
     0.70E-03
    -0.11E+01
    -0.20E+01
    -0.15E+01
    -0.28E-02
    -0.72E+00
    -0.17E+00
 
 
    >>Normalized Constraint Values:
     0.34E-04
     0.33E-03
    -0.11E+01
    -0.20E+01
    -0.15E+01
     0.69E-03
    -0.72E+00
    -0.17E+00
 
 
    >>Normalized Constraint Values:
     0.10E-03
     0.78E-03
    -0.11E+01
    -0.20E+01
    -0.15E+01
    -0.14E-02
    -0.72E+00
    -0.17E+00
 
   71  0.1472400E+02  0.1256667E-02  0.1400329E-02  0.1525983E-01  0.1000000E-10
 
    >>Normalized Constraint Values:
    -0.52E-05
    -0.15E-02
    -0.11E+01
    -0.20E+01
    -0.15E+01
    -0.56E-03
    -0.72E+00
    -0.17E+00
 
 
    >>Normalized Constraint Values:
     0.90E-05
     0.75E-03
    -0.11E+01
    -0.20E+01
    -0.15E+01
     0.56E-02
    -0.72E+00
    -0.17E+00
 
   72  0.1472331E+02  0.2936239E-02  0.5578266E-02  0.1825311E-01  0.1000000E-10
 
    >>Normalized Constraint Values:
    -0.18E-04
    -0.55E-03
    -0.11E+01
    -0.20E+01
    -0.15E+01
    -0.47E-02
    -0.72E+00
    -0.17E+00
 
 
    >>Normalized Constraint Values:
    -0.12E-04
     0.37E-03
    -0.11E+01
    -0.20E+01
    -0.15E+01
    -0.67E-02
    -0.72E+00
    -0.17E+00
 
 
    >>Normalized Constraint Values:
    -0.11E-03
     0.87E-03
    -0.11E+01
    -0.20E+01
    -0.15E+01
    -0.29E-02
    -0.72E+00
    -0.17E+00
 
 
    >>Normalized Constraint Values:
    -0.78E-04
     0.73E-03
    -0.11E+01
    -0.20E+01
    -0.15E+01
     0.21E-02
    -0.72E+00
    -0.17E+00
 
   73  0.1472484E+02  0.2265275E-02  0.2145332E-02  0.8165944E-01  0.1000000E-10
 
    >>Normalized Constraint Values:
     0.16E-04
    -0.52E-03
    -0.11E+01
    -0.20E+01
    -0.15E+01
     0.25E-02
    -0.72E+00
    -0.17E+00
 
 
    >>Normalized Constraint Values:
    -0.41E-05
     0.13E-02
    -0.11E+01
    -0.20E+01
    -0.15E+01
    -0.55E-02
    -0.72E+00
    -0.17E+00
 
 
    >>Normalized Constraint Values:
    -0.37E-04
     0.82E-04
    -0.11E+01
    -0.20E+01
    -0.15E+01
    -0.31E-02
    -0.72E+00
    -0.17E+00
 
   74  0.1472383E+02  0.2086458E-02  0.3071208E-02  0.1009805E-01  0.1000000E-10
 
    >>Normalized Constraint Values:
     0.98E-04
     0.10E-02
    -0.11E+01
    -0.20E+01
    -0.15E+01
     0.13E-03
    -0.72E+00
    -0.17E+00
 
   75  0.1472332E+02  0.1169205E-02  0.1068709E-02  0.8325383E-01  0.1000000E-10
 
    >>Normalized Constraint Values:
    -0.62E-04
    -0.16E-05
    -0.11E+01
    -0.20E+01
    -0.15E+01
     0.17E-02
    -0.72E+00
    -0.17E+00
 
 
    >>Normalized Constraint Values:
    -0.69E-04
    -0.52E-03
    -0.11E+01
    -0.20E+01
    -0.15E+01
    -0.12E-02
    -0.72E+00
    -0.17E+00
 
 
    >>Normalized Constraint Values:
     0.15E-03
     0.65E-03
    -0.11E+01
    -0.20E+01
    -0.15E+01
     0.43E-03
    -0.72E+00
    -0.17E+00
 
 
    >>Normalized Constraint Values:
    -0.89E-04
    -0.13E-02
    -0.11E+01
    -0.20E+01
    -0.15E+01
    -0.19E-02
    -0.72E+00
    -0.17E+00
 
 
    >>Normalized Constraint Values:
    -0.14E-03
     0.72E-03
    -0.11E+01
    -0.20E+01
    -0.15E+01
     0.11E-02
    -0.72E+00
    -0.17E+00
 
   76  0.1472464E+02  0.2754937E-02  0.1109158E-02  0.2627156E-01  0.1000000E-10
 
    >>Normalized Constraint Values:
     0.16E-03
    -0.99E-03
    -0.11E+01
    -0.20E+01
    -0.15E+01
     0.17E-02
    -0.72E+00
    -0.17E+00
 
   77  0.1472319E+02  0.1083733E-02  0.1695064E-02  0.7342677E-02  0.1000000E-10
 
    >>Normalized Constraint Values:
    -0.20E-04
     0.97E-03
    -0.11E+01
    -0.20E+01
    -0.15E+01
    -0.38E-03
    -0.72E+00
    -0.17E+00
 
 
    >>Normalized Constraint Values:
    -0.36E-04
     0.44E-03
    -0.11E+01
    -0.20E+01
    -0.15E+01
     0.17E-02
    -0.72E+00
    -0.17E+00
 
   78  0.1472610E+02  0.3406691E-02  0.1968496E-02  0.6892301E-01  0.1000000E-10
 
    >>Normalized Constraint Values:
     0.52E-04
    -0.12E-02
    -0.11E+01
    -0.20E+01
    -0.15E+01
    -0.12E-02
    -0.72E+00
    -0.17E+00
 
 
    >>Normalized Constraint Values:
    -0.64E-04
     0.75E-03
    -0.11E+01
    -0.20E+01
    -0.15E+01
    -0.18E-02
    -0.72E+00
    -0.17E+00
 
 
    >>Normalized Constraint Values:
    -0.39E-04
    -0.64E-03
    -0.11E+01
    -0.20E+01
    -0.15E+01
    -0.13E-02
    -0.72E+00
    -0.17E+00
 
   79  0.1472622E+02  0.2386761E-02  0.1324137E-02  0.6140468E-01  0.1000000E-10
 
    >>Normalized Constraint Values:
     0.32E-04
     0.12E-02
    -0.11E+01
    -0.20E+01
    -0.15E+01
    -0.23E-02
    -0.72E+00
    -0.17E+00
 
   80  0.1472426E+02  0.1681809E-02  0.3839006E-02  0.3216583E-01  0.1000000E-10
 
    >>Normalized Constraint Values:
     0.17E-03
    -0.15E-02
    -0.11E+01
    -0.20E+01
    -0.15E+01
    -0.71E-03
    -0.72E+00
    -0.16E+00
 
   81  0.1472387E+02  0.1045514E-01  0.3048588E-02  0.2547320E+00  0.1000000E-10
 
    >>Normalized Constraint Values:
    -0.17E-03
     0.24E-03
    -0.11E+01
    -0.20E+01
    -0.15E+01
    -0.64E-03
    -0.72E+00
    -0.17E+00
 
   82  0.1472590E+02  0.6885080E-02  0.8130039E-03  0.6554758E-02  0.1000000E-10
 
    >>Normalized Constraint Values:
    -0.92E-04
    -0.20E-02
    -0.11E+01
    -0.20E+01
    -0.15E+01
     0.34E-02
    -0.72E+00
    -0.17E+00
 
   83  0.1472163E+02  0.6479068E-02  0.3425329E-02  0.6308286E-01  0.1000000E-10
 
    >>Normalized Constraint Values:
     0.24E-04
    -0.63E-03
    -0.11E+01
    -0.20E+01
    -0.15E+01
     0.33E-02
    -0.72E+00
    -0.17E+00
 
   84  0.1472219E+02  0.6683857E-02  0.3262138E-02  0.3259000E-01  0.1000000E-10
 
    >>Normalized Constraint Values:
     0.16E-03
     0.75E-03
    -0.11E+01
    -0.20E+01
    -0.15E+01
    -0.43E-02
    -0.72E+00
    -0.17E+00
 
 
    >>Normalized Constraint Values:
     0.46E-04
    -0.32E-03
    -0.11E+01
    -0.20E+01
    -0.15E+01
     0.33E-02
    -0.72E+00
    -0.17E+00
 
   85  0.1472280E+02  0.4242780E-02  0.3253404E-02  0.1306129E-01  0.1000000E-10
 
    >>Normalized Constraint Values:
     0.14E-03
     0.24E-02
    -0.11E+01
    -0.20E+01
    -0.15E+01
    -0.56E-02
    -0.72E+00
    -0.17E+00
 
 
    >>Normalized Constraint Values:
    -0.92E-04
    -0.11E-02
    -0.11E+01
    -0.20E+01
    -0.15E+01
    -0.15E-02
    -0.72E+00
    -0.17E+00
 
 
    >>Normalized Constraint Values:
    -0.55E-04
    -0.14E-02
    -0.11E+01
    -0.20E+01
    -0.15E+01
    -0.36E-03
    -0.72E+00
    -0.17E+00
 
   86  0.1472283E+02  0.1166296E-01  0.1414052E-02  0.9427127E-02  0.1000000E-10
 
    >>Normalized Constraint Values:
     0.27E-04
    -0.80E-03
    -0.11E+01
    -0.20E+01
    -0.15E+01
     0.20E-02
    -0.72E+00
    -0.17E+00
 
   87  0.1472190E+02  0.4086330E-02  0.2176103E-02  0.6698590E-01  0.1000000E-10
 
    >>Normalized Constraint Values:
     0.31E-04
     0.28E-03
    -0.11E+01
    -0.20E+01
    -0.15E+01
     0.13E-02
    -0.72E+00
    -0.17E+00
 
   88  0.1472253E+02  0.3435892E-02  0.1647003E-02  0.1083753E-01  0.1000000E-10
 
    >>Normalized Constraint Values:
     0.14E-03
     0.16E-02
    -0.11E+01
    -0.20E+01
    -0.15E+01
    -0.66E-03
    -0.72E+00
    -0.17E+00
 
 
    >>Normalized Constraint Values:
    -0.11E-03
    -0.95E-04
    -0.11E+01
    -0.20E+01
    -0.15E+01
    -0.11E-02
    -0.72E+00
    -0.17E+00
 
 
    >>Normalized Constraint Values:
     0.15E-04
    -0.20E-04
    -0.11E+01
    -0.20E+01
    -0.15E+01
     0.44E-02
    -0.72E+00
    -0.17E+00
 
 
    >>Normalized Constraint Values:
     0.85E-04
     0.82E-03
    -0.11E+01
    -0.20E+01
    -0.15E+01
    -0.16E-02
    -0.72E+00
    -0.17E+00
 
 
    >>Normalized Constraint Values:
    -0.79E-04
     0.15E-02
    -0.11E+01
    -0.20E+01
    -0.15E+01
    -0.37E-02
    -0.72E+00
    -0.17E+00
 
   89  0.1472252E+02  0.6983918E-02  0.3733458E-02  0.1328081E-01  0.1000000E-10
 
    >>Normalized Constraint Values:
     0.75E-04
    -0.24E-02
    -0.11E+01
    -0.20E+01
    -0.15E+01
     0.60E-02
    -0.73E+00
    -0.17E+00
 
   90  0.1472148E+02  0.1092644E-01  0.5976067E-02  0.8158683E-01  0.1000000E-10
 
    >>Normalized Constraint Values:
    -0.42E-04
     0.18E-02
    -0.11E+01
    -0.20E+01
    -0.15E+01
    -0.13E-02
    -0.72E+00
    -0.17E+00
 
   91  0.1472332E+02  0.1031145E-01  0.2243381E-02  0.1260115E-01  0.1000000E-10
 
    >>Normalized Constraint Values:
     0.81E-03
     0.41E-01
    -0.94E+00
    -0.20E+01
    -0.15E+01
     0.45E-02
    -0.69E+00
    -0.15E+00
 
 
    >>Normalized Constraint Values:
     0.80E-03
     0.41E-01
    -0.93E+00
    -0.20E+01
    -0.15E+01
     0.38E-02
    -0.69E+00
    -0.15E+00
 
 
    >>Normalized Constraint Values:
     0.83E-03
     0.39E-01
    -0.93E+00
    -0.20E+01
    -0.15E+01
     0.54E-02
    -0.69E+00
    -0.15E+00
 
 
    >>Normalized Constraint Values:
     0.87E-03
     0.42E-01
    -0.93E+00
    -0.20E+01
    -0.15E+01
     0.51E-02
    -0.69E+00
    -0.15E+00
 
 
    >>Normalized Constraint Values:
     0.51E-03
     0.17E-01
    -0.10E+01
    -0.20E+01
    -0.15E+01
     0.26E-02
    -0.71E+00
    -0.16E+00
 
 
    >>Normalized Constraint Values:
     0.22E-03
     0.98E-02
    -0.11E+01
    -0.20E+01
    -0.15E+01
     0.20E-04
    -0.71E+00
    -0.16E+00
 
 
    >>Normalized Constraint Values:
     0.60E-04
     0.50E-02
    -0.11E+01
    -0.20E+01
    -0.15E+01
    -0.98E-03
    -0.72E+00
    -0.17E+00
 
 
    >>Normalized Constraint Values:
     0.95E-04
     0.29E-02
    -0.11E+01
    -0.20E+01
    -0.15E+01
    -0.28E-02
    -0.72E+00
    -0.17E+00
 
 
    >>Normalized Constraint Values:
     0.60E-04
     0.25E-02
    -0.11E+01
    -0.20E+01
    -0.15E+01
    -0.27E-03
    -0.72E+00
    -0.17E+00
 
 
    >>Normalized Constraint Values:
     0.18E-04
     0.26E-02
    -0.11E+01
    -0.20E+01
    -0.15E+01
    -0.30E-03
    -0.72E+00
    -0.17E+00
 
 
    >>Normalized Constraint Values:
     0.89E-05
     0.26E-02
    -0.11E+01
    -0.20E+01
    -0.15E+01
    -0.85E-03
    -0.72E+00
    -0.17E+00
 
 
    >>Normalized Constraint Values:
    -0.73E-04
     0.18E-02
    -0.11E+01
    -0.20E+01
    -0.15E+01
    -0.41E-02
    -0.72E+00
    -0.17E+00
 
 
    >>Normalized Constraint Values:
    -0.45E-04
     0.96E-03
    -0.11E+01
    -0.20E+01
    -0.15E+01
    -0.67E-03
    -0.72E+00
    -0.17E+00
 
   92  0.1472425E+02  0.2284588E+01  0.1883359E-02  0.4956845E-01  0.1000000E-10
 
    >>Normalized Constraint Values:
     0.44E-04
     0.70E-03
    -0.11E+01
    -0.20E+01
    -0.15E+01
    -0.35E-02
    -0.72E+00
    -0.17E+00
 
 
    >>Normalized Constraint Values:
    -0.16E-03
    -0.14E-02
    -0.11E+01
    -0.20E+01
    -0.15E+01
     0.36E-02
    -0.72E+00
    -0.17E+00
 
 
    >>Normalized Constraint Values:
    -0.55E-04
     0.19E-02
    -0.11E+01
    -0.20E+01
    -0.15E+01
    -0.11E-02
    -0.72E+00
    -0.17E+00
 
   93  0.1472320E+02  0.1080324E-02  0.1942512E-02  0.2484031E-01  0.1000000E-10
 
    >>Normalized Constraint Values:
     0.61E-04
    -0.15E-02
    -0.11E+01
    -0.20E+01
    -0.15E+01
    -0.20E-02
    -0.72E+00
    -0.17E+00
 
 
    >>Normalized Constraint Values:
     0.12E-06
     0.54E-03
    -0.11E+01
    -0.20E+01
    -0.15E+01
     0.19E-02
    -0.73E+00
    -0.17E+00
 
   94  0.1472258E+02  0.3277806E-02  0.3460250E-02  0.5065535E-01  0.1000000E-10
 
    >>Normalized Constraint Values:
     0.98E-04
     0.83E-03
    -0.11E+01
    -0.20E+01
    -0.15E+01
    -0.17E-02
    -0.72E+00
    -0.17E+00
 
   95  0.1472244E+02  0.3448724E-02  0.1675049E-02  0.5446075E-01  0.1000000E-10
 
    >>Normalized Constraint Values:
    -0.13E-03
    -0.19E-02
    -0.11E+01
    -0.20E+01
    -0.15E+01
     0.13E-02
    -0.72E+00
    -0.17E+00
 
 
    >>Normalized Constraint Values:
    -0.11E-04
     0.25E-04
    -0.11E+01
    -0.20E+01
    -0.15E+01
    -0.13E-02
    -0.72E+00
    -0.17E+00
 
   96  0.1472221E+02  0.2136467E-02  0.2291045E-02  0.1356266E+00  0.1000000E-10
 
    >>Normalized Constraint Values:
    -0.80E-05
     0.23E-02
    -0.11E+01
    -0.20E+01
    -0.15E+01
     0.26E-03
    -0.72E+00
    -0.17E+00
 
   97  0.1472101E+02  0.6901291E-02  0.2337662E-02  0.1825143E+00  0.1000000E-10
 
    >>Normalized Constraint Values:
    -0.33E-04
    -0.15E-02
    -0.11E+01
    -0.20E+01
    -0.15E+01
     0.41E-02
    -0.72E+00
    -0.17E+00
 
 
    >>Normalized Constraint Values:
     0.54E-04
     0.32E-03
    -0.11E+01
    -0.20E+01
    -0.15E+01
    -0.32E-02
    -0.72E+00
    -0.17E+00
 
   98  0.1472384E+02  0.4220851E-02  0.3194665E-02  0.5435474E-01  0.1000000E-10
 
    >>Normalized Constraint Values:
     0.50E-03
    -0.16E-02
    -0.11E+01
    -0.20E+01
    -0.15E+01
    -0.51E-03
    -0.73E+00
    -0.15E+00
 
 
    >>Normalized Constraint Values:
    -0.52E-05
     0.13E-02
    -0.11E+01
    -0.20E+01
    -0.15E+01
     0.49E-02
    -0.73E+00
    -0.16E+00
 
 
    >>Normalized Constraint Values:
     0.15E-03
    -0.30E-03
    -0.11E+01
    -0.20E+01
    -0.15E+01
    -0.16E-03
    -0.73E+00
    -0.15E+00
 
   99  0.1473150E+02  0.4260007E-01  0.2384444E-02  0.1054193E+01  0.1000000E-10
 
    >>Normalized Constraint Values:
    -0.46E-03
     0.97E-03
    -0.11E+01
    -0.20E+01
    -0.15E+01
    -0.12E-02
    -0.72E+00
    -0.17E+00
 
 
    >>Normalized Constraint Values:
    -0.13E-03
     0.23E-03
    -0.11E+01
    -0.20E+01
    -0.15E+01
     0.48E-03
    -0.72E+00
    -0.17E+00
 
  100  0.1472637E+02  0.3185603E-01  0.1030283E-02  0.6226980E-01  0.1000000E-10
 
    >>Normalized Constraint Values:
     0.96E-04
    -0.35E-03
    -0.11E+01
    -0.20E+01
    -0.15E+01
    -0.11E-02
    -0.72E+00
    -0.17E+00
 
  101  0.1472461E+02  0.3757841E-02  0.1307365E-02  0.6663233E-01  0.1000000E-10
 
    >>Normalized Constraint Values:
    -0.13E-03
     0.24E-03
    -0.11E+01
    -0.20E+01
    -0.15E+01
     0.35E-02
    -0.72E+00
    -0.17E+00
 
 
    >>Normalized Constraint Values:
     0.43E-05
     0.16E-02
    -0.11E+01
    -0.20E+01
    -0.15E+01
    -0.36E-02
    -0.72E+00
    -0.17E+00
 
 
    >>Normalized Constraint Values:
    -0.11E-03
     0.88E-03
    -0.11E+01
    -0.20E+01
    -0.15E+01
    -0.25E-02
    -0.72E+00
    -0.17E+00
 
 
    >>Normalized Constraint Values:
     0.10E-04
     0.14E-02
    -0.11E+01
    -0.20E+01
    -0.15E+01
    -0.40E-03
    -0.72E+00
    -0.17E+00
 
 
    >>Normalized Constraint Values:
     0.10E-03
     0.37E-03
    -0.11E+01
    -0.20E+01
    -0.15E+01
    -0.31E-02
    -0.72E+00
    -0.17E+00
 
 
    >>Normalized Constraint Values:
     0.49E-04
     0.62E-03
    -0.11E+01
    -0.20E+01
    -0.15E+01
     0.93E-03
    -0.72E+00
    -0.17E+00
 
  102  0.1472608E+02  0.9190572E-02  0.9263098E-03  0.7693372E-01  0.1000000E-10
 
    >>Normalized Constraint Values:
    -0.33E-02
    -0.11E-01
    -0.13E+01
    -0.20E+01
    -0.15E+01
    -0.33E-02
    -0.70E+00
    -0.20E+00
 
 
    >>Normalized Constraint Values:
     0.18E-03
    -0.40E-02
    -0.13E+01
    -0.20E+01
    -0.14E+01
    -0.27E-02
    -0.69E+00
    -0.19E+00
 
 
    >>Normalized Constraint Values:
    -0.41E-03
    -0.19E-01
    -0.13E+01
    -0.20E+01
    -0.14E+01
    -0.33E-02
    -0.69E+00
    -0.18E+00
 
 
    >>Normalized Constraint Values:
    -0.17E-02
    -0.52E-03
    -0.12E+01
    -0.20E+01
    -0.15E+01
    -0.36E-02
    -0.71E+00
    -0.20E+00
 
 
    >>Normalized Constraint Values:
    -0.82E-03
     0.10E-03
    -0.11E+01
    -0.20E+01
    -0.15E+01
    -0.36E-02
    -0.72E+00
    -0.18E+00
 
 
    >>Normalized Constraint Values:
    -0.36E-03
     0.90E-03
    -0.11E+01
    -0.20E+01
    -0.15E+01
    -0.92E-03
    -0.72E+00
    -0.18E+00
 
 
    >>Normalized Constraint Values:
    -0.19E-03
     0.15E-02
    -0.11E+01
    -0.20E+01
    -0.15E+01
    -0.29E-02
    -0.72E+00
    -0.17E+00
 
 
    >>Normalized Constraint Values:
    -0.14E-03
     0.77E-03
    -0.11E+01
    -0.20E+01
    -0.15E+01
    -0.11E-02
    -0.72E+00
    -0.17E+00
 
 
    >>Normalized Constraint Values:
     0.35E-04
     0.19E-02
    -0.11E+01
    -0.20E+01
    -0.15E+01
    -0.24E-02
    -0.72E+00
    -0.17E+00
 
 
    >>Normalized Constraint Values:
    -0.59E-04
     0.12E-02
    -0.11E+01
    -0.20E+01
    -0.15E+01
    -0.20E-02
    -0.72E+00
    -0.17E+00
 
 
    >>Normalized Constraint Values:
     0.46E-04
    -0.16E-03
    -0.11E+01
    -0.20E+01
    -0.15E+01
    -0.80E-03
    -0.72E+00
    -0.17E+00
 
 
    >>Normalized Constraint Values:
     0.85E-04
    -0.11E-02
    -0.11E+01
    -0.20E+01
    -0.15E+01
    -0.27E-02
    -0.72E+00
    -0.17E+00
 
 
    >>Normalized Constraint Values:
     0.49E-04
     0.11E-02
    -0.11E+01
    -0.20E+01
    -0.15E+01
    -0.13E-02
    -0.72E+00
    -0.17E+00
 
 
    >>Normalized Constraint Values:
     0.68E-04
     0.84E-03
    -0.11E+01
    -0.20E+01
    -0.15E+01
    -0.82E-03
    -0.72E+00
    -0.17E+00
 
 
    >>Normalized Constraint Values:
     0.19E-04
    -0.32E-03
    -0.11E+01
    -0.20E+01
    -0.15E+01
    -0.36E-02
    -0.72E+00
    -0.17E+00
 
 
    >>Normalized Constraint Values:
    -0.35E-04
     0.38E-03
    -0.11E+01
    -0.20E+01
    -0.15E+01
    -0.11E-02
    -0.72E+00
    -0.17E+00
 
  103  0.1472459E+02  0.2577605E+00  0.1087099E-02  0.9635517E-01  0.1000000E-10
 
    >>Normalized Constraint Values:
     0.22E-04
    -0.48E-03
    -0.11E+01
    -0.20E+01
    -0.15E+01
     0.68E-03
    -0.72E+00
    -0.17E+00
 
  104  0.1472350E+02  0.1499224E-02  0.1456310E-02  0.9943084E-02  0.1000000E-10
 
    >>Normalized Constraint Values:
     0.10E-03
     0.90E-03
    -0.11E+01
    -0.20E+01
    -0.15E+01
     0.54E-03
    -0.72E+00
    -0.17E+00
 
  105  0.1472456E+02  0.1738320E-02  0.8976487E-03  0.2011176E-01  0.1000000E-10
 
    >>Normalized Constraint Values:
    -0.10E-03
     0.10E-03
    -0.11E+01
    -0.20E+01
    -0.15E+01
    -0.88E-03
    -0.72E+00
    -0.17E+00
 
 
    >>Normalized Constraint Values:
     0.61E-04
    -0.97E-03
    -0.11E+01
    -0.20E+01
    -0.15E+01
    -0.21E-02
    -0.72E+00
    -0.17E+00
 
 
    >>Normalized Constraint Values:
    -0.66E-04
     0.78E-03
    -0.11E+01
    -0.20E+01
    -0.15E+01
     0.83E-03
    -0.72E+00
    -0.17E+00
 
 
    >>Normalized Constraint Values:
     0.35E-04
     0.98E-03
    -0.11E+01
    -0.20E+01
    -0.15E+01
    -0.68E-03
    -0.72E+00
    -0.17E+00
 
 
    >>Normalized Constraint Values:
     0.28E-04
     0.33E-03
    -0.11E+01
    -0.20E+01
    -0.15E+01
     0.20E-02
    -0.72E+00
    -0.17E+00
 
 
    >>Normalized Constraint Values:
     0.31E-04
     0.76E-03
    -0.11E+01
    -0.20E+01
    -0.15E+01
     0.39E-03
    -0.72E+00
    -0.17E+00
 
  106  0.1472445E+02  0.1409717E-02  0.1901282E-02  0.8024780E-01  0.1000000E-10
 
    >>Normalized Constraint Values:
    -0.11E-04
    -0.51E-03
    -0.11E+01
    -0.20E+01
    -0.15E+01
    -0.11E-02
    -0.72E+00
    -0.17E+00
 
 
    >>Normalized Constraint Values:
     0.67E-04
     0.84E-03
    -0.11E+01
    -0.20E+01
    -0.15E+01
     0.12E-02
    -0.72E+00
    -0.17E+00
 
 
    >>Normalized Constraint Values:
     0.66E-04
     0.53E-03
    -0.11E+01
    -0.20E+01
    -0.15E+01
    -0.38E-02
    -0.72E+00
    -0.17E+00
 
 
    >>Normalized Constraint Values:
    -0.58E-04
     0.98E-03
    -0.11E+01
    -0.20E+01
    -0.15E+01
    -0.15E-02
    -0.72E+00
    -0.17E+00
 
 
    >>Normalized Constraint Values:
     0.11E-03
     0.49E-03
    -0.11E+01
    -0.20E+01
    -0.15E+01
     0.42E-04
    -0.72E+00
    -0.17E+00
 
  107  0.1472526E+02  0.1411596E-02  0.1560565E-02  0.5851586E-01  0.1000000E-10
 
    >>Normalized Constraint Values:
    -0.92E-04
     0.47E-03
    -0.11E+01
    -0.20E+01
    -0.15E+01
    -0.29E-02
    -0.72E+00
    -0.17E+00
 
 
    >>Normalized Constraint Values:
     0.52E-04
     0.59E-04
    -0.11E+01
    -0.20E+01
    -0.15E+01
     0.92E-03
    -0.72E+00
    -0.17E+00
 
  108  0.1472411E+02  0.1633754E-02  0.1344443E-02  0.5637285E+00  0.1000000E-10
 
    >>Normalized Constraint Values:
    -0.32E-04
    -0.18E-03
    -0.11E+01
    -0.20E+01
    -0.15E+01
     0.18E-02
    -0.72E+00
    -0.16E+00
 
 
    >>Normalized Constraint Values:
    -0.12E-04
    -0.15E-02
    -0.11E+01
    -0.20E+01
    -0.15E+01
    -0.14E-02
    -0.72E+00
    -0.17E+00
 
 
    >>Normalized Constraint Values:
     0.66E-04
     0.22E-02
    -0.11E+01
    -0.20E+01
    -0.15E+01
    -0.25E-02
    -0.72E+00
    -0.17E+00
 
 
    >>Normalized Constraint Values:
    -0.57E-04
     0.84E-03
    -0.11E+01
    -0.20E+01
    -0.15E+01
    -0.38E-03
    -0.72E+00
    -0.16E+00
 
 
    >>Normalized Constraint Values:
     0.42E-04
    -0.87E-03
    -0.11E+01
    -0.20E+01
    -0.15E+01
     0.19E-02
    -0.72E+00
    -0.17E+00
 
 
    >>Normalized Constraint Values:
    -0.69E-04
    -0.11E-02
    -0.11E+01
    -0.20E+01
    -0.15E+01
     0.36E-02
    -0.72E+00
    -0.17E+00
 
 
    >>Normalized Constraint Values:
     0.20E-04
     0.56E-03
    -0.11E+01
    -0.20E+01
    -0.15E+01
     0.36E-02
    -0.72E+00
    -0.17E+00
 
