 
    >>Normalized Constraint Values:
     0.67E+01
     0.36E+01
    -0.36E+01
    -0.75E+01
    -0.47E+01
     0.23E+01
     0.85E+00
     0.33E+01
 
 
 iter    objective      ||grad||        inf_pr          inf_du         lg(mu)
    0  0.3843583E+01  0.0000000E+00  0.6682494E+01  0.1260903E+01  0.1000000E+01
 
    >>Normalized Constraint Values:
     0.28E+01
     0.18E+01
    -0.22E+01
    -0.45E+01
    -0.32E+01
     0.55E+00
     0.26E+00
     0.12E+01
 
    1  0.6263683E+01  0.5866104E+01  0.3200216E+01  0.3523100E+01  0.3928515E+00
 
    >>Normalized Constraint Values:
     0.13E+01
     0.86E+00
    -0.35E+01
    -0.31E+01
    -0.25E+01
     0.25E+01
    -0.11E+01
     0.16E+01
 
    2  0.7190102E+01  0.1964948E+01  0.2580479E+01  0.2470065E+02  0.4294226E+00
 
    >>Normalized Constraint Values:
     0.28E+00
     0.70E+00
    -0.87E+00
    -0.22E+01
    -0.23E+01
    -0.43E+00
    -0.34E+00
    -0.29E+00
 
    3  0.1226300E+02  0.2307931E+01  0.1337764E+01  0.8338389E+01  0.6737324E+00
 
    >>Normalized Constraint Values:
     0.17E+00
     0.32E+00
    -0.12E+01
    -0.21E+01
    -0.21E+01
    -0.17E+00
    -0.62E+00
    -0.21E+00
 
    4  0.1346382E+02  0.1058174E+01  0.4072628E+00  0.4631278E+01  0.4107534E+00
 
    >>Normalized Constraint Values:
     0.24E-01
     0.51E-01
    -0.14E+01
    -0.20E+01
    -0.19E+01
    -0.52E-01
    -0.76E+00
    -0.22E+00
 
    5  0.1509734E+02  0.1125000E+01  0.1255899E+00  0.7288887E+00  0.4279675E-01
 
    >>Normalized Constraint Values:
     0.55E-02
     0.10E-01
    -0.14E+01
    -0.20E+01
    -0.18E+01
     0.18E-01
    -0.78E+00
    -0.19E+00
 
    6  0.1531476E+02  0.3438601E+00  0.3167632E-01  0.6455363E+00  0.1140518E-01
 
    >>Normalized Constraint Values:
     0.45E-03
    -0.79E-02
    -0.13E+01
    -0.19E+01
    -0.18E+01
     0.30E-01
    -0.80E+00
    -0.17E+00
 
    7  0.1537180E+02  0.3197974E+00  0.3002440E-01  0.4156259E+00  0.8842150E-03
 
    >>Normalized Constraint Values:
     0.35E-02
     0.48E-01
    -0.10E+01
    -0.19E+01
    -0.18E+01
     0.13E+00
    -0.73E+00
    -0.11E+00
 
    8  0.1530156E+02  0.1280778E+01  0.2084478E+00  0.4306688E+01  0.6992481E-03
 
    >>Normalized Constraint Values:
    -0.54E-02
    -0.21E-01
    -0.12E+01
    -0.19E+01
    -0.17E+01
    -0.39E-01
    -0.79E+00
    -0.17E+00
 
    9  0.1559535E+02  0.2514187E+00  0.4103250E-01  0.3731872E+01  0.7908057E-03
 
    >>Normalized Constraint Values:
    -0.11E-02
    -0.58E-02
    -0.12E+01
    -0.19E+01
    -0.18E+01
     0.32E-01
    -0.78E+00
    -0.15E+00
 
   10  0.1534068E+02  0.2267140E+00  0.3220926E-01  0.3192018E+01  0.7908057E-03
 
    >>Normalized Constraint Values:
    -0.73E-02
     0.47E-01
    -0.10E+01
    -0.20E+01
    -0.17E+01
     0.55E-01
    -0.72E+00
    -0.14E+00
 
   11  0.1513517E+02  0.9255758E+00  0.8590874E-01  0.1788649E+01  0.4056027E-03
 
    >>Normalized Constraint Values:
    -0.85E-02
     0.55E-01
    -0.98E+00
    -0.20E+01
    -0.17E+01
     0.63E-01
    -0.71E+00
    -0.14E+00
 
   12  0.1510634E+02  0.1067874E+02  0.9553590E-01  0.3771650E+01  0.1593946E-01
 
    >>Normalized Constraint Values:
    -0.12E-02
    -0.21E-01
    -0.11E+01
    -0.20E+01
    -0.16E+01
    -0.62E-01
    -0.73E+00
    -0.20E+00
 
   13  0.1516874E+02  0.1584583E+00  0.5406789E-01  0.1265037E+03  0.9078414E-02
 
    >>Normalized Constraint Values:
    -0.20E-03
    -0.17E-01
    -0.11E+01
    -0.20E+01
    -0.16E+01
    -0.47E-01
    -0.73E+00
    -0.19E+00
 
   14  0.1513396E+02  0.1316735E+00  0.5109935E-01  0.1082782E+03  0.1099196E-02
 
    >>Normalized Constraint Values:
    -0.13E-02
    -0.16E-02
    -0.11E+01
    -0.20E+01
    -0.15E+01
     0.22E-01
    -0.71E+00
    -0.18E+00
 
   15  0.1506096E+02  0.7116621E-01  0.3084883E-01  0.7204798E+01  0.5635936E-02
 
    >>Normalized Constraint Values:
    -0.56E-03
     0.32E-01
    -0.11E+01
    -0.20E+01
    -0.15E+01
     0.20E-01
    -0.69E+00
    -0.18E+00
 
   16  0.1503650E+02  0.6985753E-01  0.3262277E-01  0.5020960E+01  0.1006235E-02
 
    >>Normalized Constraint Values:
     0.11E-03
     0.45E-01
    -0.10E+01
    -0.20E+01
    -0.14E+01
     0.34E-01
    -0.68E+00
    -0.17E+00
 
   17  0.1502114E+02  0.4222209E+00  0.4453107E-01  0.4640314E+01  0.6958384E-03
 
    >>Normalized Constraint Values:
     0.18E-02
     0.62E-01
    -0.84E+00
    -0.20E+01
    -0.14E+01
     0.57E-01
    -0.66E+00
    -0.14E+00
 
 
    >>Normalized Constraint Values:
     0.18E-02
     0.42E-01
    -0.87E+00
    -0.20E+01
    -0.14E+01
     0.41E-01
    -0.67E+00
    -0.14E+00
 
 
    >>Normalized Constraint Values:
     0.12E-02
     0.50E-01
    -0.86E+00
    -0.20E+01
    -0.14E+01
     0.46E-01
    -0.67E+00
    -0.14E+00
 
 
    >>Normalized Constraint Values:
     0.10E-02
     0.51E-01
    -0.93E+00
    -0.20E+01
    -0.14E+01
     0.46E-01
    -0.67E+00
    -0.16E+00
 
   18  0.1501954E+02  0.2623504E+00  0.5387168E-01  0.3738950E+01  0.3153555E-02
 
    >>Normalized Constraint Values:
     0.16E-02
     0.53E-01
    -0.85E+00
    -0.20E+01
    -0.14E+01
     0.49E-01
    -0.67E+00
    -0.14E+00
 
 
    >>Normalized Constraint Values:
     0.18E-02
     0.51E-01
    -0.85E+00
    -0.20E+01
    -0.14E+01
     0.49E-01
    -0.67E+00
    -0.14E+00
 
 
    >>Normalized Constraint Values:
     0.17E-02
     0.52E-01
    -0.86E+00
    -0.20E+01
    -0.14E+01
     0.49E-01
    -0.67E+00
    -0.14E+00
 
 
    >>Normalized Constraint Values:
     0.17E-02
     0.52E-01
    -0.89E+00
    -0.20E+01
    -0.14E+01
     0.49E-01
    -0.67E+00
    -0.15E+00
 
 
    >>Normalized Constraint Values:
     0.13E-02
     0.51E-01
    -0.91E+00
    -0.20E+01
    -0.14E+01
     0.48E-01
    -0.67E+00
    -0.15E+00
 
 
    >>Normalized Constraint Values:
     0.12E-02
     0.52E-01
    -0.92E+00
    -0.20E+01
    -0.14E+01
     0.47E-01
    -0.67E+00
    -0.15E+00
 
   19  0.1501912E+02  0.2703995E+00  0.5556402E-01  0.3570056E+01  0.1504274E-02
 
    >>Normalized Constraint Values:
     0.18E-02
     0.45E-01
    -0.86E+00
    -0.20E+01
    -0.14E+01
     0.40E-01
    -0.67E+00
    -0.14E+00
 
   20  0.1503887E+02  0.1820827E+00  0.4938524E-01  0.1767456E+01  0.2191535E-02
 
    >>Normalized Constraint Values:
    -0.84E-03
    -0.11E-01
    -0.91E+00
    -0.20E+01
    -0.13E+01
    -0.21E-01
    -0.69E+00
    -0.17E+00
 
   21  0.1512299E+02  0.7901247E-01  0.2029355E-01  0.3117613E+01  0.1740073E-02
 
    >>Normalized Constraint Values:
     0.25E-02
     0.40E+00
    -0.26E+00
    -0.20E+01
    -0.95E+00
     0.22E+00
    -0.46E+00
    -0.88E-01
 
   22  0.1496481E+02  0.3484100E+00  0.4191498E+00  0.6745719E+01  0.1197059E-02
 
    >>Normalized Constraint Values:
    -0.35E-02
     0.74E-01
    -0.73E+00
    -0.20E+01
    -0.11E+01
     0.65E-01
    -0.62E+00
    -0.14E+00
 
   23  0.1509929E+02  0.2561080E+00  0.2133610E+00  0.2346895E+01  0.7098134E-03
 
    >>Normalized Constraint Values:
    -0.13E-02
     0.52E-01
    -0.68E+00
    -0.20E+01
    -0.10E+01
     0.22E-01
    -0.61E+00
    -0.15E+00
 
   24  0.1509504E+02  0.2814937E+00  0.8297392E-01  0.9791347E+00  0.7098134E-03
 
    >>Normalized Constraint Values:
    -0.54E-03
     0.34E-01
    -0.63E+00
    -0.20E+01
    -0.87E+00
    -0.23E-02
    -0.59E+00
    -0.16E+00
 
   25  0.1508623E+02  0.1331174E+00  0.3614203E-01  0.1188348E+01  0.7098134E-03
 
    >>Normalized Constraint Values:
    -0.17E-03
     0.25E-01
    -0.57E+00
    -0.20E+01
    -0.73E+00
     0.87E-02
    -0.57E+00
    -0.16E+00
 
   26  0.1506361E+02  0.1321997E+00  0.2785502E-01  0.9365342E+00  0.8921662E-04
 
    >>Normalized Constraint Values:
    -0.16E-02
     0.69E-01
    -0.41E+00
    -0.20E+01
    -0.50E+00
     0.62E-02
    -0.50E+00
    -0.17E+00
 
   27  0.1504133E+02  0.3204052E+00  0.8439200E-01  0.4163184E+00  0.4766193E-02
 
    >>Normalized Constraint Values:
    -0.89E-03
    -0.32E-01
    -0.53E+00
    -0.20E+01
    -0.54E+00
    -0.22E-01
    -0.54E+00
    -0.18E+00
 
   28  0.1504427E+02  0.6211552E-01  0.1986397E-01  0.1241195E+01  0.3150222E-02
 
    >>Normalized Constraint Values:
     0.24E-03
    -0.12E-01
    -0.45E+00
    -0.20E+01
    -0.45E+00
     0.16E-01
    -0.52E+00
    -0.16E+00
 
   29  0.1500065E+02  0.6363207E-01  0.2052679E-01  0.2430750E+00  0.4240788E-08
 
    >>Normalized Constraint Values:
    -0.20E-02
    -0.17E+00
    -0.45E+00
    -0.20E+01
    -0.27E+00
    -0.34E-03
    -0.53E+00
    -0.16E+00
 
   30  0.1499415E+02  0.2105549E+00  0.7379393E-02  0.2089095E+01  0.6997064E-03
 
    >>Normalized Constraint Values:
    -0.24E-02
    -0.34E+00
    -0.52E+00
    -0.20E+01
    -0.15E+00
    -0.16E-01
    -0.54E+00
    -0.18E+00
 
   31  0.1496416E+02  0.1706468E+00  0.1090500E-01  0.1752548E+01  0.3268878E-02
 
    >>Normalized Constraint Values:
    -0.18E-02
    -0.50E+00
    -0.52E+00
    -0.20E+01
    -0.11E-01
     0.85E-02
    -0.55E+00
    -0.16E+00
 
   32  0.1490652E+02  0.1933200E+00  0.1119825E-01  0.2582484E+01  0.1165933E-02
 
    >>Normalized Constraint Values:
     0.62E-05
    -0.49E+00
    -0.50E+00
    -0.20E+01
    -0.11E-01
    -0.77E-03
    -0.54E+00
    -0.16E+00
 
   33  0.1488258E+02  0.1992388E-01  0.4434664E-02  0.4745147E-01  0.4303370E-03
 
    >>Normalized Constraint Values:
    -0.53E-04
    -0.50E+00
    -0.49E+00
    -0.20E+01
    -0.58E-02
    -0.45E-02
    -0.54E+00
    -0.16E+00
 
 
    >>Normalized Constraint Values:
     0.46E-04
    -0.49E+00
    -0.50E+00
    -0.20E+01
    -0.22E-02
     0.39E-02
    -0.54E+00
    -0.16E+00
 
   34  0.1487835E+02  0.1238746E-01  0.5493299E-02  0.1470461E+00  0.1719173E-03
 
    >>Normalized Constraint Values:
    -0.15E-03
    -0.49E+00
    -0.49E+00
    -0.20E+01
    -0.56E-02
     0.84E-03
    -0.54E+00
    -0.16E+00
 
   35  0.1488073E+02  0.6145515E-02  0.1699764E-02  0.2618541E-01  0.1606334E-03
 
    >>Normalized Constraint Values:
     0.11E-04
    -0.49E+00
    -0.49E+00
    -0.20E+01
     0.46E-02
    -0.45E-02
    -0.54E+00
    -0.16E+00
 
   36  0.1487831E+02  0.3858195E-02  0.1084966E-01  0.1354601E-01  0.3121757E-04
 
    >>Normalized Constraint Values:
    -0.60E-04
    -0.49E+00
    -0.51E+00
    -0.20E+01
    -0.74E-02
    -0.17E-02
    -0.54E+00
    -0.16E+00
 
   37  0.1488106E+02  0.1657953E-01  0.7288188E-02  0.3052353E-01  0.8577467E-03
 
    >>Normalized Constraint Values:
     0.30E-04
    -0.50E+00
    -0.50E+00
    -0.20E+01
    -0.50E-02
    -0.23E-02
    -0.54E+00
    -0.16E+00
 
   38  0.1487938E+02  0.4230539E-02  0.1889168E-02  0.2709665E-01  0.5877465E-03
 
    >>Normalized Constraint Values:
    -0.13E-03
    -0.50E+00
    -0.50E+00
    -0.20E+01
     0.44E-02
     0.53E-02
    -0.54E+00
    -0.16E+00
 
   39  0.1487761E+02  0.4340006E-02  0.5692204E-02  0.1435284E+00  0.1300156E-03
 
    >>Normalized Constraint Values:
     0.16E-03
    -0.49E+00
    -0.49E+00
    -0.20E+01
    -0.22E-02
    -0.33E-02
    -0.54E+00
    -0.16E+00
 
   40  0.1487895E+02  0.1173911E-01  0.3590591E-02  0.3696301E-01  0.8295246E-05
 
    >>Normalized Constraint Values:
    -0.40E-05
    -0.49E+00
    -0.49E+00
    -0.20E+01
    -0.48E-03
    -0.11E-02
    -0.54E+00
    -0.16E+00
 
   41  0.1487944E+02  0.4813095E-02  0.5601862E-02  0.6439664E-01  0.1034336E-03
 
    >>Normalized Constraint Values:
    -0.12E-03
    -0.49E+00
    -0.49E+00
    -0.20E+01
    -0.27E-02
    -0.69E-03
    -0.54E+00
    -0.16E+00
 
   42  0.1487912E+02  0.4770414E-02  0.4865077E-02  0.5576980E-01  0.7900231E-04
 
    >>Normalized Constraint Values:
     0.14E-04
    -0.49E+00
    -0.50E+00
    -0.20E+01
    -0.10E-02
     0.18E-02
    -0.54E+00
    -0.16E+00
 
   43  0.1487774E+02  0.3674093E-02  0.3650060E-02  0.2240520E-01  0.7900231E-04
 
    >>Normalized Constraint Values:
     0.39E-04
    -0.49E+00
    -0.49E+00
    -0.20E+01
     0.13E-02
     0.38E-02
    -0.54E+00
    -0.16E+00
 
 
    >>Normalized Constraint Values:
     0.16E-04
    -0.49E+00
    -0.49E+00
    -0.20E+01
    -0.34E-02
    -0.51E-02
    -0.54E+00
    -0.16E+00
 
 
    >>Normalized Constraint Values:
    -0.50E-05
    -0.49E+00
    -0.49E+00
    -0.20E+01
     0.43E-02
     0.16E-02
    -0.54E+00
    -0.16E+00
 
 
    >>Normalized Constraint Values:
     0.11E-03
    -0.49E+00
    -0.49E+00
    -0.20E+01
    -0.17E-02
     0.82E-03
    -0.54E+00
    -0.16E+00
 
   44  0.1487747E+02  0.3075392E-02  0.1923510E-02  0.1214731E+00  0.1408204E-03
 
    >>Normalized Constraint Values:
    -0.16E-03
    -0.49E+00
    -0.50E+00
    -0.20E+01
     0.33E-02
     0.23E-02
    -0.54E+00
    -0.16E+00
 
 
    >>Normalized Constraint Values:
     0.13E-03
    -0.50E+00
    -0.49E+00
    -0.20E+01
     0.11E-02
     0.26E-02
    -0.54E+00
    -0.16E+00
 
 
    >>Normalized Constraint Values:
    -0.33E-04
    -0.49E+00
    -0.49E+00
    -0.20E+01
    -0.49E-02
     0.30E-02
    -0.54E+00
    -0.16E+00
 
 
    >>Normalized Constraint Values:
    -0.16E-03
    -0.49E+00
    -0.49E+00
    -0.20E+01
     0.21E-02
     0.16E-02
    -0.54E+00
    -0.16E+00
 
 
    >>Normalized Constraint Values:
    -0.67E-04
    -0.49E+00
    -0.49E+00
    -0.20E+01
    -0.18E-03
    -0.55E-02
    -0.54E+00
    -0.16E+00
 
   45  0.1487730E+02  0.2296980E-02  0.5336915E-02  0.2911254E+00  0.4273725E-05
 
    >>Normalized Constraint Values:
    -0.21E-04
    -0.49E+00
    -0.49E+00
    -0.20E+01
     0.47E-02
     0.59E-02
    -0.54E+00
    -0.16E+00
 
 
    >>Normalized Constraint Values:
     0.18E-04
    -0.49E+00
    -0.49E+00
    -0.20E+01
    -0.63E-02
    -0.47E-02
    -0.54E+00
    -0.16E+00
 
   46  0.1488057E+02  0.7401894E-02  0.4342280E-02  0.4946232E-01  0.1515931E-03
 
    >>Normalized Constraint Values:
    -0.27E-05
    -0.49E+00
    -0.49E+00
    -0.20E+01
     0.15E-02
     0.29E-02
    -0.54E+00
    -0.16E+00
 
   47  0.1487914E+02  0.4902852E-02  0.3199106E-02  0.7329155E-01  0.1242145E-03
 
    >>Normalized Constraint Values:
    -0.34E-04
    -0.49E+00
    -0.49E+00
    -0.20E+01
    -0.80E-02
    -0.85E-02
    -0.54E+00
    -0.16E+00
 
 
    >>Normalized Constraint Values:
    -0.20E-05
    -0.49E+00
    -0.50E+00
    -0.20E+01
     0.10E-01
     0.89E-02
    -0.54E+00
    -0.16E+00
 
   48  0.1487641E+02  0.9313959E-03  0.1081391E-01  0.1529506E+00  0.1242145E-03
 
 The solution was found.
 
 The final value of the objective function is    14.8764104191878     
 
 The optimal values of X are:
 
 X  (           1 ) =    10.1733273341474      in^2
 X  (           2 ) =   0.250348277615442      in^2
 X  (           3 ) =   0.250352476102364      in^2
 X  (           4 ) =    45.6724582208471      deg
 X  (           5 ) =    119.922352070800      deg
 X  (           6 ) =    120.055443280542      deg
 
 The multipliers for the equality constraints are:
 
 LAM(           1 ) =    14.6311145763086     
 LAM(           2 ) =   2.496675742676720E-004
 LAM(           3 ) =   2.493592720682337E-004
 LAM(           4 ) =   6.296811593906435E-005
 LAM(           5 ) =   0.148705955609568     
 LAM(           6 ) =   0.310682707778671     
 LAM(           7 ) =   2.292839793712203E-004
 LAM(           8 ) =   7.800579287092543E-004
 
 Weight and its variance:   14.8058856731737       7.052474601405834E-002
