   3.30167599325449        1.10743542210318       0.217846607450701     
  0.652736212015288        1.07572757693469        2.55445844541575     
  6.708285736186803E-002
   3.33781872576374       0.920052359217530       0.278769950146606     
  0.664377646985752        1.02615655065838        2.60506855118502     
  0.523619679198157     
   3.59220368145136       0.928882801861047       0.240798286377566     
  0.697992649916200        1.01384970833953        2.59298532432756     
  0.227052180018122     
   3.05341056930142       0.840324569742205       0.257196382715319     
  0.713488005107971        1.04662709677778        2.56927668975970     
  5.748796824515436E-003
   3.07835424127473       0.864870348044785       0.231373991079369     
  0.690931766070518        1.02052285807845        2.59806364399613     
  0.356551742390372     
   3.16583432985058       0.984683076778727       0.267093645231157     
  0.688695761684473        1.03617705119254        2.54781499929516     
  9.591489325648186E-002
   3.38713784843344       0.847822141872265       0.291481128115658     
  0.732482064740794        1.08391585094443        2.63976841742684     
 -0.293987030143464     
   3.64911412980607       0.903568227872315       0.237629839758668     
  0.670958567888540        1.06341956198967        2.57192107760070     
  0.303226704962102     
   3.02088542876990        1.02481990637751       0.282824387710611     
  0.726948838413743        1.07288552900199        2.53639416080886     
 -0.415357504025103     
   3.45251963960126       0.991293231576568       0.242261645543713     
  0.650206268788599        1.06068516742415        2.61860716486527     
  0.386782598528283     
   2.99913355460552       0.821877692351794       0.235308059985528     
  0.659842415683761        1.00934874834569        2.62531746712234     
  0.909990650572116     
   3.48100722831690       0.881349197613876       0.220082647096050     
  0.751481787559391        1.02535563229045        2.59975129286961     
 -0.481921885048219     
   2.75229249890582       0.862066518305949       0.247761156218170     
  0.701286637969010        1.04296315539826        2.54055595916556     
  9.215445845495943E-002
   3.37424565967965        1.09153551491904       0.223915595619967     
  0.678794749991492        1.09815591049302        2.57949580517492     
 -0.192691195999804     
   2.87443335564156       0.972869127041636       0.249416070810870     
  0.677249537506409        1.05910006856992        2.61781801306095     
  0.118922260527917     
   2.97017826243392        1.07622012074112       0.257836978431100     
  0.737202432402806        1.08708982778109        2.56421222201833     
 -0.645223478253538     
   2.85513144668675        1.04951154504665       0.225050428012988     
  0.684703352304656        1.04999303065934        2.63541518214487     
 -4.905133562939281E-002
   3.21123888652326       0.954744517569528       0.272387628501320     
  0.708800763332792        1.08050575311080        2.54636466145720     
 -0.206395166014901     
   3.12547815668690       0.941531662187859       0.270363326492546     
  0.725294951105056        1.09145118310308        2.55892356478413     
 -0.375404794474924     
   3.22991297198614        1.06696073681097       0.262744304442145     
  0.705037144110690        1.00632344017749        2.57374533462829     
 -1.662228031879178E-002
   2.93503315442572       0.883084568861850       0.245437789457057     
  0.717138786234928        1.03166233425146        2.62973350078067     
 -3.633612099355529E-002
   3.53300094994783       0.907608777009804       0.262684219172184     
  0.695053640401872        1.05209085815371        2.55502264960130     
  8.809675194654201E-002
   3.49253724939893        1.00639434114032       0.285593283945158     
  0.749019506239230        1.01447505285776        2.59181050038035     
 -0.432978884232025     
   2.80176995647976        1.03481159255607       0.275991428836437     
  0.738127632220365        1.06985693483416        2.61230433763786     
 -0.561888095568808     
   3.57937367245660        1.04725446048377       0.279847238126199     
  0.668693083240606        1.09404388128338        2.62895253426250     
  1.771241949584407E-002
   3.25493795947980        1.00948080703674       0.289356314191040     
  0.742759286673501       0.995943678194465        2.60904756131326     
 -0.289783894586070     
   3.66628921281928       0.959282593269839       0.253448388537257     
  0.657511537672884        1.03837472112693        2.58220495838122     
  0.469811811553647     
   2.76587796637180        1.08897707843225       0.228444120166891     
  0.722903518475593        1.00172100205144        2.58624249959537     
 -0.279073479059156     
