  7.112078560950702E-002  0.490794676479091       0.197768847533142     
  0.654650371249401       0.550567526454658       0.122772872965059     
  0.243710415939059       0.857556157906356       0.341496686465595     
  0.482599122956868       0.352702840339769       0.146056879435080     
  0.148103549884625       2.967926581809945E-002  0.820523720205913     
  0.352983351290053       0.448066168551008       0.492258382513842     
  0.783505772693494       0.188468229051863       0.482641701007131     
  0.531661329273095       0.862380557806575       0.589015866221900     
  0.119616906247559       0.895049492962499       0.628116451628880     
  1.008718912462702E-003  0.160987440709910       0.899187406039794     
  0.282295684172905       0.418256794097603       0.884154915583667     
  0.989253048369740       0.120677921738750       0.333209506906111     
  0.888801996782337       0.487176495059938       5.119002704833435E-002
  0.971222046482846       0.971925902704625       0.954563533843820     
  0.868969451507913       7.059057735895780E-002  0.386498890237379     
  0.257506671913540       0.789599144367242       0.718360934058956     
  0.198142932553704       0.689643205630375       0.851133938831317     
  0.569396762281209       0.138057478928235       0.908885399147442     
  0.973981722611281       0.547642753814313       0.912871847930387     
  0.756145573800218       0.201095972203466       0.660712998523617     
  0.377478603060911       0.803191928599956       0.922862458915702     
  0.729135056182716       0.439052452126943       0.389080477416146     
  0.985262604594828       0.627696365354428       0.406489858836915     
  0.108603551236052       0.535515287773904       0.156536321328311     
  0.332404957124173       0.776145852881428       0.327438425945959     
  0.514171339910571       0.584013054968094       0.644047804587524     
  0.420590586196921       8.811128500026259E-002  0.448101069531891     
  0.284852736113008       0.185986277933101       0.701927894054806     
  0.901696500843271       0.410176527461366       0.246580391155644     
  0.150888242074722       0.645182752012614       1.640110357207113E-002
  0.515470633074073       3.563714641996855E-003  0.788538922346255     
  0.585827414113728       0.574608316169591       0.796204882644989     
  0.538739602925352       0.538209134059702       0.104620256958456     
  0.429920440202116       0.799112722272714       0.577367385541368     
  0.406030178597233       0.430916143626588       0.126468232902436     
  0.315695621014815       0.282761334073878       0.539839275227345     
  0.756354541958361       0.586197362714964       0.170638016870200     
  2.725478241894547E-002  3.640845427429137E-002  0.197746368699072     
  0.741262890288938       0.885741819612930       0.282197160017814     
  0.690175737320092       0.285938607678575       0.713694922231552     
  0.214920898522734       0.734190810186810       0.840049379214180     
  0.712188577654918       0.889226873059448       0.951510336675935     
  0.806493853111646       0.747327769190071       0.983725982488450     
  0.467710369195917       0.628912660341703       0.105657093658068     
  0.337427350544464       0.933054880950500       0.220682928163893     
  0.272460793099467       0.301749038417489       0.969249310860952     
  0.534337747303149       0.924812710453749       0.553687941945180     
  0.200930584486943       0.424660114968347       0.256500977753862     
  0.293090361932987       0.648653174813879       0.190383135168590     
  0.159381100377645       0.488742756291693       0.916695019690376     
  1.733206188352898E-002  0.878194816297903       0.721733741348890     
  0.920535003551815       0.406647852201439       0.262243555221359     
  0.633297414619646       0.915515622206126       0.738514666933562     
  0.384185651163353       0.506642427442322       0.884575462818444     
  0.770123704938684       0.332967189805069       0.204102390845618     
  0.865381962490078       0.544039933762757       0.297898830901503     
  0.576251768902649       0.215273349740329       0.503644848587609     
  0.677024530422982       0.905357234241199       0.880889057053619     
  3.956141583924440E-003  5.157003897250155E-002  0.270874977087802     
  0.179854256811061       0.386654939976037       0.757143815433496     
  0.717062080718082       0.820978347671380       0.155263732171026     
  0.572398986551380       0.878623801359559       0.137534568532471     
  0.936200155081450       0.159279799229291       6.516564650405750E-002
  7.167173180894411E-002  0.149277077646738       0.769683807271064     
  0.561244555938192       0.670347555458868       3.663984631847310E-002
  0.610606036948672       0.364129728712587       0.397177383094770     
  0.301537368997021       0.352793171888543       0.472563742064696     
  5.090109463584012E-002  5.930285960075640E-002  0.681706249055505     
  0.819513117366470       0.132935175534402       0.426431936315700     
  0.899459452237999       0.834113701230370       0.425023116751343     
  0.259344539509155       0.193876160842307       0.374886999973511     
  0.738823293714109       0.758500389048703       0.637332771048145     
  0.994151729128296       0.298063851094855       0.523427607601698     
  0.724526025104085       0.104133987182078       0.175692535641205     
  0.470016226551777       0.344859637341431       0.973991448152383     
  0.620808695349461       0.941827338982177       0.816827482125589     
  0.550814898896597       0.841639093376267       0.898078629516358     
  0.765076073281490       0.399229131796855       0.979015900771236     
  0.462672424601161       4.729000133541047E-002  0.698002476542082     
  0.443087454343051       0.963065734442433       8.214902657061128E-002
  0.956868852268806       0.695909597369913       0.768099439931664     
  0.661321336450546       0.983894021547298       0.107261010345919     
  0.511466752470859       0.402603000938659       9.014407982998335E-002
  0.851511253955748       6.872491418054329E-002  0.319134217291781     
  5.504212123537468E-002  0.703398689445129       0.361073518095919     
  0.242502382669998       0.714394545315677       0.784028126723804     
  8.102684762237318E-002  0.997963981379927       0.800713879695065     
  0.547069348094662       0.674361215913076       0.994059189374892     
  0.663466092978783       0.637777918326116       0.955318894848287     
  4.691438943366168E-002  0.203241572172426       0.343272019580917     
  2.938660689017254E-002  0.442997122611339       0.877999051106310     
  0.133000364345013       0.464436836058469       0.563309295764204     
  0.793559150934310       0.262163540536999       0.137194808841200     
  0.801409262744057       0.480379825304440       0.527429150424485     
  0.836744997995496       0.944530567483034       0.940295056733043     
  0.916431323685401       0.708009609722062       0.846969282770845     
  0.446990837135071       0.665723881422677       0.610447094084152     
  6.840004803358427E-002  0.172272508456247       0.429402197794667     
  0.229761639672387       0.833179842569129       0.665262656229715     
  0.837702546420182       0.812621057688961       0.748452621411063     
  0.437211310306051       0.229804545969509       0.259939452609648     
  0.492888164070995       0.686402295397812       0.505112826831843     
  0.924778035750990       0.253575541318895       0.314284781068090     
  0.983278307362636       0.899093043688111       0.407471043507889     
  0.482542112184029       0.296503902217837       0.636696367992597     
  8.946423106969101E-002  0.782975747797076       0.603923477585288     
  0.311469958802114       0.317275060942670       0.943952094770496     
  0.399141117544956       3.291704312032483E-002  0.939506831261897     
  0.137502350758450       0.977663556042381       0.348094906049319     
  0.364762583645324       2.245801709296309E-002  0.291313028408841     
  0.668675869742927       1.995783417064219E-002  0.681085973441353     
  0.874267143243861       0.701893290792250       0.824258948544411     
  0.185342771164720       0.526557008365550       2.386039295346758E-002
  0.557876504207983       0.256252641187946       0.367767236039127     
  0.698812114311099       0.772211030800647       8.114817849806055E-002
  0.420882423149522       0.230997594208446       0.468698023798081     
  0.685205234028921       0.241270866096666       0.143150311240693     
  0.175647782509242       0.638470627514734       0.800543121113319     
  0.589606425189786       0.956113156143432       0.677281022580687     
  0.933709212231708       8.536045632541854E-002  8.537941128432611E-002
  0.384235789341035       0.750958163108673       0.990717951597487     
  0.791206173357116       0.617475177392949       0.840813076531365     
  0.946149552919628       0.377656892128517       0.579945834623175     
  0.290250856015442       5.445476911904211E-004  0.378710602624784     
  0.364107353787507       0.172243154482513       0.590118709732697     
  0.329470388899507       0.271260665367628       0.858145942357561     
  0.909437969955329       0.509745011592449       6.106864414038296E-003
  0.230254812577998       0.935145699166791       0.215996061563311     
  0.602532471932289       0.605838414363594       0.780927355016106     
  0.785492144879120       0.315194473509978       0.483901934180311     
  0.346589105791926       0.850039742129531       0.498436714382677     
  0.814098041362377       0.747325811040008       5.885539437176784E-002
  0.265958188951492       0.570326927671279       0.761572924541609     
  0.379114514858449       0.733477586179299       0.515946549603477     
  0.114043616077253       0.389435285528455       0.529952304889323     
  0.408603615844213       0.926838540997387       0.239849665419125     
  0.647722083173616       0.274558169989313       0.432197804115214     
  0.508114354233725       0.827739504490081       0.629517176974497     
  0.396004284239964       0.475353487239664       0.400874720002686     
  0.604142089605327       0.996423398962889       6.900294346660592E-002
  9.638617624620456E-002  0.123202904001751       0.227609568447948     
  0.125623814149016       0.602352090947872       6.280375464219287E-003
  0.736273694787612       0.575969465882618       0.541159763069677     
  9.753964643554794E-002  0.767306852916136       0.447127575561977     
  4.008354244024966E-002  0.973574997955289       0.462614107365688     
  0.455980501438514       0.340562680567318       0.230305333196643     
  8.885970191393444E-002  0.791657309455013       0.702921551807696     
  0.307144823149897       0.372686587037203       0.551258849147880     
  0.167391024779694       7.487620615786637E-002  0.859664089574100     
  0.635423641149248       0.326801670828303       3.128715544981683E-002
  0.626667758680345       0.146777850699323       0.731496331284151     
  1.751775176695662E-002  0.519967330340299       0.617031175514242     
  0.155020147323759       0.109622421281859       0.830268468855583     
  0.885139666504980       0.852825798457739       3.820497187932988E-002
  0.709330356366742       0.519272581649483       0.643584635053574     
  0.947136857671575       0.657480400228621       0.730009997154256     
  0.608156604847979       0.461898837009649       0.596008965108374     
  0.207738320639218       0.249277121026162       0.278022174969103     
  0.490438633261196       0.717086962952016       0.289343243793397     
  0.827002607144144       0.457715953768970       0.182980423745125     
  0.849728270618635       0.211538717969376       0.563327010279052     
  0.694723038486894       0.224892142671105       0.673410459651646     
  0.204472862816880       0.616947205148117       0.110871287202893     
  0.960107852996280       0.107479977903894       0.354833466442760     
  0.873024412781711       0.365010266439424       0.306581165190672     
  0.342209124852621       8.265529770778929E-002  0.209880035789453     
  0.826067530502086       9.659567341774518E-002  1.916717710495046E-002
  0.223047120156546       0.568540965726198       0.453761519997818     
