  0.623469200832060       0.330026442537108       0.769431998966687     
  0.140958012275907       0.430425692460201       0.346682689012447     
  0.880191719569270       0.616324484376857       0.100749490584468     
  0.650359940646542       0.490803656432292       0.793573281102710     
  0.956040325960938       0.646561304593473       0.715735872858803     
  0.742379589612450       0.960863181631013       0.262325970078105     
  8.166318852927258E-002  8.679868462540279E-002  0.239481805849816     
  0.190429284807061       0.470350816479446       0.981626722139274     
  0.513209612114849       0.244540119154098       0.375472823854868     
  1.641832577108335E-002  0.112363047403517       0.357461852525005     
  0.575855577335473       0.626258814893691       0.569369577857178     
  0.945182188870680       7.383294941171019E-002  0.344688721371107     
  0.771354945782150       0.684282870708603       0.754018855396048     
  0.681810256343556       0.496095048348285       0.471435323920813     
  0.231621381687277       0.258874666997547       1.156930950377328E-002
  0.449264081193459       0.145668066582554       0.253965327591136     
  0.227228685318078       0.485099657887347       0.964432450779774     
  7.426976277511943E-002  0.397956958127215       0.369070349444112     
  0.368228427578586       1.518820943791606E-002  0.466200255796305     
  0.723331533268968       0.281642863441854       0.843934535788861     
  0.177087076585223       0.230140785760495       0.477699170204591     
  0.875936796097963       0.114463010713132       0.557743004348288     
  6.678188292513969E-002  0.676186278032100       0.682810772757725     
  0.398303448925787       3.220200814979212E-002  0.134293129829909     
  0.953106322924773       0.408012982855156       6.732440739121126E-002
  5.113715355961950E-003  0.623912879426652       0.395585433080093     
  0.238921778254730       0.990869514050036       0.711791215147207     
  0.386690178440754       5.376452382356287E-002  0.416278539339371     
  0.672612842259353       0.372494067873004       0.596381552548930     
  0.775638578435984       0.758447141943683       9.102972619635334E-002
  0.977849377808846       0.817322552045856       0.122848928980894     
  0.129016346632066       0.992543220068516       0.500893896887271     
  0.157349977603578       0.823465568621907       0.717187478383553     
  0.132499750286226       0.964375883863079       0.692772604196748     
  0.557264059712229       0.357240401633080       0.115187288072732     
  0.709017347681578       0.325003896366988       0.922015879643836     
  2.752777401723544E-002  0.796573104400606       0.107512543961514     
  0.952181533560880       0.592867193399888       0.697079650657125     
  0.354536004100397       0.451784709786314       0.479993028161038     
  0.362653607266732       0.709395662407833       0.653402881645132     
  0.643763774424234       0.621807856352358       0.345205256201942     
  0.283463046916016       1.051713806795434E-002  0.211279429695629     
  0.725851987006010       0.517498857276636       0.448074321447882     
  0.358667612830363       0.656777604227787       0.906708229320661     
  0.306250373732603       0.505675201540791       0.473215813055219     
  0.790854555549301       0.542146639148507       0.738067336938029     
  0.721459896603080       0.652159915928556       0.811979544466570     
  0.730610355526119       0.513326075208029       0.447731919546791     
  0.581244112754228       0.711230822685436       0.349727659226556     
  0.153959615011464       0.199917451173484       0.570848013496858     
  0.429326870093168       0.956436875636184       0.458482908315046     
  0.592106641938341       0.529268541448993       0.573515224249210     
  0.160991370829339       7.980691406017711E-002  0.679382909315840     
  0.210140582958181       0.571138038606847       0.417993005938888     
  0.120064768105766       0.640995086683175       0.145699729189645     
  0.906587302497056       0.471776771891474       0.656069863682399     
  0.657128983085090       0.309183789338163       0.761062776482013     
  0.798507355347953       0.347443275545925       0.699532244571476     
  0.409675856059968       0.704328360690963       0.289227191706301     
  0.560740381452048       0.874370197549561       1.462499068930916E-002
  0.836398514298384       5.628194426293490E-002  0.593791961179146     
  0.620733922787175       0.975624501679310       0.921266134567588     
  0.128401242114319       0.530637228495319       0.697205824451225     
  0.632183142684332       0.173380678151210       0.584209393701390     
  0.606342883985255       1.989932265278702E-002  0.316862982051484     
  0.113983858559429       0.468581498636812       0.821565654323981     
  1.913685587548920E-002  0.343153921385152       0.606615529937459     
  0.869567953032612       0.704009495361360       0.477761747075583     
  0.206946223235615       0.311766244324540       0.944354517665379     
  0.454777095760669       0.842350444592023       2.501643405212693E-002
  0.111840589590485       0.962411221669132       0.518759355727072     
  5.532114746647878E-004  0.567255593130298       0.315492829453654     
  0.959551154091478       0.271593069734253       0.798015516285859     
  0.947825255181859       0.462372789055391       0.987984628635952     
  9.291348215638369E-002  0.314723023732506       0.272972692983375     
  0.739540032156054       0.913751368656674       0.288605867420711     
  5.165650715255053E-002  0.918907491670782       0.363955734852839     
  0.985034733787438       0.662110157220133       0.308337549873500     
  0.717106190576799       0.759164893777678       0.413559483002357     
  7.877076697943182E-002  0.952079065618343       0.426819772595090     
  0.822792643692819       0.779607818473470       0.979945107797240     
  7.170919491588415E-002  0.614284420759468       0.709918006234743     
  0.130724451179574       0.197176513095477       0.611236273241936     
  0.340248475323345       0.123497801732816       3.002602577579970E-002
  0.145374786530101       0.871846073593318       0.171853902553650     
  0.429934285171449       0.413268010985181       0.602177119917869     
  0.421180068675777       0.895530311844344       0.860444981475475     
  0.260292782517290       0.440698724388725       0.805140175842393     
  0.742461854721397       0.511284501475477       0.260708421029063     
  0.919367197349001       0.385365563396849       0.190935383430162     
  0.665916113800022       0.210997252281077       0.862146522227908     
  0.578295368756416       0.812833536448828       0.298608358761349     
  0.944981781278860       0.378438136994747       0.225170513228632     
  0.515024595709069       0.457532810569636       0.944019036209469     
  0.408797955687752       0.183577996511335       0.845577739582848     
  0.637427702021295       0.363471053737596       0.808893954523985     
  0.598193626476334       0.373958794797078       0.327450121603761     
  0.183102159140898       0.460381121551307       0.218788924273093     
  0.218851616829871       0.537368916533462       1.609855743332975E-002
  0.667036302031969       0.380271818334318       0.206878831180775     
  0.279600252049646       0.611761131741675       0.892264307390839     
  0.831509204007294       7.022174960935516E-003  0.802991847644280     
  5.810286597876221E-002  0.700293565276644       0.664785747979752     
  0.818048893944709       0.769313618067451       0.798269072242926     
  0.530106601146284       0.162523033380365       0.220732962807582     
  0.990617672811942       0.694455050367280       0.672582901720922     
  0.358788324108228       0.777002976716477       0.544620194245813     
  0.146941236142284       0.382222000482307       0.350829224560442     
  0.376791859882955       0.572363007878383       0.255414214759359     
  0.450879654409505       0.836114488208521       0.889158140460379     
  0.116979529542445       0.714597222344369       0.530040794454146     
  0.962923089907526       0.576203320971474       0.261819099491700     
  0.760667305872582       0.878373084941095       0.795632392134946     
  0.891229219548715       0.739691758045610       0.581700397136797     
  0.313981230079965       0.352152892630993       5.519374297313209E-003
  0.272826289256414       0.237472712081873       0.945717535953102     
  0.875391098671314       0.181285498622898       0.835552387043553     
  9.620543855748032E-002  0.444348152083339       0.722245811835446     
  0.636290608280177       0.601089641057582       0.907540471527136     
  0.341472503096498       0.926058732675918       0.959169042878512     
  0.388634317829718       4.693058908299484E-002  0.580324004541343     
  0.902169067541013       7.626294329144570E-002  0.401722708569132     
  0.450789288357448       0.455267862252923       0.134115756471920     
  0.769803878013357       0.603668851772899       1.784863721051581E-002
  0.706045614802143       0.248865647223140       0.350185690921187     
  0.174730152111615       0.776677462547509       0.960617026759186     
  3.886076000342251E-003  0.970647166128975       0.216145407793969     
  2.061892167419499E-002  3.477970308218264E-002  0.526083028329632     
  0.537088862896932       0.652635416817690       0.922535461547044     
  0.301740389112880       0.204374465431422       0.756028566719556     
  0.904899662340649       0.538688550385271       0.182073650723564     
  0.484053155050600       0.395450031486915       8.164466622181081E-002
  6.052972131361586E-002  0.405132992436065       0.538038188132441     
  0.826615031306541       0.166774438867124       0.513809952493213     
  0.675407071214918       0.670203873276124       0.257827944001688     
  0.483116883697838       0.132755944608081       0.911014412266507     
  0.728550672441188       0.842688629024334       0.485683408398265     
  0.466892882904486       0.657732458181169       0.847798393081415     
  0.763056483038157       0.591597537750043       0.397711618383276     
  9.249249970668001E-002  5.228179428332810E-002  0.278544900461983     
  0.597453280462734       0.370293156442835       4.869397732340541E-002
  2.394952912199814E-003  0.640592712395695       0.235094447596548     
  0.735379977224663       0.671842240601106       0.556819732571205     
  5.197359535458958E-002  3.695532979073596E-002  0.825237899607948     
  0.164610550062688       0.828728259349351       0.314483421308159     
  0.767836173956898       0.977275413047926       0.304331092995155     
  0.642848237212396       0.681092979918691       0.470480974019166     
  0.982099504151766       0.675009954595946       0.695060923678735     
  5.508473560981299E-002  4.399920785403288E-002  0.590397008053711     
  0.193985327375809       0.899449752274149       0.893706175210748     
  0.252008537270426       9.944830850574010E-002  9.299055124483302E-002
  0.413778158602901       0.609129330383636       0.231591529706535     
  4.796209630481871E-002  0.108673438549097       6.124239107443107E-002
  0.524273545378345       0.484274807144789       0.875506444970137     
  8.704783348754291E-002  8.162455317658583E-002  0.493723932344691     
  0.879762888549476       0.754302730916551       0.646344424119410     
  3.198504536455293E-002  0.216246191855398       0.410988060852363     
  0.974867852105797       0.161236611415142       0.782164747331659     
  0.775038395338046       6.889372558235691E-003  0.828719699350690     
  0.830180819257871       1.325186533199451E-002  0.881003642362741     
  0.779834257154360       0.744446492916452       1.341555861352921E-002
  0.427600697042737       7.171968364590114E-002  0.578217190633522     
  0.871979042066355       0.655063591073835       0.930055523687655     
  0.461105674716543       0.552246846442506       6.775155083232426E-002
  0.225569533533035       0.913298987739719       0.450329476877784     
  0.331646390915913       0.979414827863679       0.976505316026816     
  0.766197710322074       0.768467895067597       0.456565504253567     
  0.654701648176763       0.717869048461903       0.751036939169487     
  0.720631670512336       0.725626688416955       0.558334753198287     
  0.180124718442624       0.746526071701420       0.568312812957572     
  7.077201653032669E-002  0.748228415849294       0.360768433243905     
  0.418047628464703       0.994639467863392       0.178685474616434     
  0.241472302920907       0.448794703428853       0.356486102842906     
  0.690777321775302       0.165060191139499       4.058140231345112E-002
  0.963090430658490       0.364009101200786       0.514311434623485     
  0.958732792055004       0.323775339396974       0.594485825123494     
  0.691820459241336       0.236678169196914       0.306091240752993     
  0.345845593668638       0.377843532740777       0.642310471061842     
  0.295506089381496       0.995227788624756       0.839769051016245     
  0.276892789341578       6.149287093733799E-002  0.459706185629578     
  0.442272806476568       0.769633894566955       0.481773764856632     
  0.232348559755255       0.948777083681621       0.367576162192592     
  0.471915596125050       0.265437415899031       0.212142136616597     
  0.760815236386489       0.410731152309204       0.726367495511732     
  0.292566931294032       0.366172825564700       0.322890115361377     
  0.914535091727676       8.466733805557709E-002  0.953735161067679     
  0.689080927314067       2.620307710909228E-002  0.947502213296129     
  0.924620000602613       0.549188796505758       0.833994922821594     
  0.640288225544546       0.347497924906026       0.667317917670525     
  0.843112033596811       0.547055254625685       0.195525005982110     
  4.087339580252846E-002  3.095723091669226E-002  0.712242289094970     
  0.593472471353409       2.433116216721884E-002  7.687077966901579E-002
  1.392515821000160E-002  0.807703826374916       0.113295676607459     
  0.477540322996879       0.760033021100253       0.924336754894545     
  1.870546586053095E-002  0.232971788479095       0.531865314224979     
  0.567827657353435       0.263080870500320       0.870696655946489     
  0.635145672133187       0.763991827085101       2.938379907592790E-002
  0.424675235448630       0.578761928493147       0.312982208387528     
  0.436168686934890       0.413018773526546       7.493964126934613E-002
  0.750015519217905       0.782684565442664       0.141976370146408     
  0.994264172243225       4.224094736595724E-002  0.896265100617208     
  0.687021971531087       0.800919967822534       0.615900671055897     
  0.902704797890393       0.907888095494712       0.420403217188908     
  0.759227905091803       0.195232527475632       2.114986646120266E-002
  0.104776239356342       8.554313615148103E-003  0.183537961853132     
  0.262448498838628       0.554041666002698       0.356281805774159     
  0.324254862059624       0.239015597712983       0.820143913384979     
  0.405253314640620       0.152090032635720       5.688107621477868E-002
  0.265752350777949       0.356579334356109       0.699228452800861     
  0.323411546292469       0.615273748502721       0.597866991284361     
  7.595000247714630E-002  1.220585806862066E-002  0.187368130261052     
  0.935001396430636       0.284462514673161       8.861775457703218E-002
  0.541691635296783       0.531951797669723       0.381879584677900     
  0.623231715931459       0.261484112813104       0.855744033786208     
  0.487504910295903       0.418625340675857       0.669227301339427     
  0.286402042582915       0.225388813486221       0.406642512343713     
  0.928360678167757       0.500386455149682       0.734205992860592     
  0.480558263092191       0.207407311934510       0.376419248173684     
  7.917967411299907E-003  0.526104082007332       0.395360103982462     
  0.957013506498674       0.154215493075021       0.354494531505638     
  0.601087806214628       0.569401537358818       5.298191906820428E-002
  0.299813249019614       0.785506399218447       0.603876731421174     
  0.501806669272785       0.119733628067693       2.828065556702981E-003
  0.725561988892181       0.144146904457405       0.932415473193446     
  0.378976183583284       0.453563124800057       0.190821621427455     
  0.503680645769245       0.996070835800697       0.814000820680943     
  9.795557985850091E-002  0.471152801318076       0.808038950592117     
  0.932042016276786       0.481584922108129       0.495126519807709     
  0.168002110694732       0.660369850014730       0.441594983461509     
  0.463500898236713       0.354928729029086       0.989037457792965     
  0.425760161825374       0.909878722128294       0.151172752856273     
  0.473882380137915       0.477624982479621       0.628743603393240     
  0.948658848412409       0.765016143892395       0.262838208806599     
  0.103067739912415       0.414509107685918       0.505646992250090     
  0.506884315906836       0.819187542988001       0.407489699044497     
  0.614266613328563       0.178382401223579       0.161379700432012     
  3.564982902398626E-002  0.115987380406236       0.553181364974116     
  0.124208310488333       4.682689043869714E-002  0.444339448180928     
  0.983343074858814       0.480854870066147       0.173963025435203     
  6.669342537921671E-002  0.298119033163709       3.215319721543449E-002
  0.832773437801879       0.880182156137058       0.244187537219836     
  0.987828919947621       0.858018954321439       0.705928458015561     
  0.516026280661433       5.006962552603016E-002  0.428985674010894     
  0.369228990118848       0.838850995480572       0.611022440002120     
  0.891794316344773       0.160672406526757       0.581270720507150     
  6.258930859317263E-002  0.871061995030946       0.111291974108465     
  0.308503379205449       0.394946020027554       0.990809087756981     
  0.233747621297653       0.834188582140951       0.186589794918990     
  0.375818116707625       0.657758604948264       0.742623646164623     
  0.531985435728410       0.697976234192841       0.517064156625140     
  0.322706554459182       0.865540032685764       0.744668709772411     
  0.248265907354920       0.705615698448957       0.928232780040996     
  0.810013177552063       0.267043636468883       0.904148003665928     
  0.888438248046860       0.633043832370456       0.975000817503252     
  0.577189403677417       0.292874323320582       0.132164281481889     
  0.672111114353179       0.822452556866733       0.831596921069725     
  0.967545702469543       0.562561572848957       1.841220052519239E-002
  0.795308458293995       0.338694688654752       0.885166705153265     
  0.609669025441958       0.689021539675188       0.953854228456980     
  0.496877594848308       0.903536982856991       0.970623036354898     
  8.826298406465430E-002  0.565969702661999       0.656589106339163     
  0.507450902683876       0.736547068945875       0.635181541985575     
  9.782698603143394E-003  0.874221213136615       0.488348339179946     
  0.641607122467411       0.765635393110351       0.605699962726073     
  2.972018516536867E-002  0.678786330307657       0.180060407095317     
  0.436145406013666       0.186432959242755       0.273083061746650     
  0.442866361084664       0.940424909544518       0.768119195163007     
  0.776791253014317       6.207932694600563E-002  0.366542586936838     
  4.930749956942914E-003  0.604788050119820       0.645979772614887     
  0.171065602627573       0.802962267385770       0.266972935146646     
  0.254447859822561       0.491805982889624       4.394310097631910E-002
  0.782916696749640       0.824923191241094       0.216501962324588     
  0.300418134862064       0.435535379477932       0.625507633767925     
  0.145207987233326       0.584075190049592       0.917528410366028     
  0.549021198516847       5.264669707765510E-002  0.916324548543874     
  0.198736670692469       0.223147735579117       0.128564451164659     
  0.223092997701240       0.775894927242080       0.764306426309945     
  0.586271948369805       0.372563308314889       0.230349774151622     
  0.262107604307517       6.604215948183231E-002  0.755249848401021     
  0.520255299425251       0.419141896961606       0.886273215501800     
  0.856791310899044       0.111050603190136       0.250868743053065     
  0.666531726982751       0.863100329037540       0.332028177343310     
  0.284419424883317       0.720344960827561       0.793821636487995     
  0.710640162992796       0.920087277848659       6.662422900650344E-002
  0.392035919628085       0.147280439496928       0.586434930778362     
  0.964933706634014       0.794974041419490       0.181988342949395     
  0.900082142985948       0.225679960012809       0.207119687802821     
  0.381283588927110       0.535856996388012       0.792365665690246     
  0.680577164894754       0.686421270274095       0.229640523157347     
  0.161850526800142       2.949067439278845E-002  0.323076590968400     
  9.136276885659805E-002  7.276568782038846E-002  0.358748896947306     
  0.912280122533462       0.775954996601322       0.872073931167435     
  0.360246649820523       0.730058055597838       0.906996709079340     
  0.415828944047042       8.961213663572025E-003  0.437037322124170     
  0.503538772265816       0.473835672280718       0.281784736545036     
  0.896586409532135       0.170641854791895       0.421987227811930     
  0.235669282122947       0.806144022044099       0.779876636963744     
  0.873023103022985       0.889558250698244       4.648069275394828E-002
  0.884100832925717       3.638802020660967E-002  2.711364127112794E-002
  0.618340127777245       0.953138534305930       0.589098354806385     
  0.137460887963895       0.204407994038641       8.230217799954855E-002
  0.240146601264148       0.432679413770861       8.795399370119203E-002
  0.543239248830185       0.137536761625535       0.562229449133567     
  0.360594115015339       0.333383438871485       5.229594744504096E-002
  0.626816994013036       0.535114546751762       0.733208731007363     
  0.250529158998144       0.192123779751642       0.126083948935345     
  0.687027901454839       0.422568210831294       0.967713471329538     
  4.833718704510682E-002  0.243413906348434       0.761977377416419     
  0.404130228832421       0.477728966375827       0.843645969806343     
  2.929314393801699E-002  0.750381141478752       0.227591761621294     
  0.614375035672131       0.178833117988069       0.948290726381986     
  0.579870166891746       0.255844833727797       0.608547094137810     
  0.286938827293544       0.226785454272893       0.227000207398865     
  0.280275903114023       0.843644273561928       0.379582603993533     
  0.468965561768723       0.175987107897456       0.468676229625927     
  0.316151257946616       0.743591470306022       0.118634844024458     
  0.685149029921381       0.410560529704989       9.853418188739567E-002
  0.849430405664163       0.853746195874253       0.643442568434866     
  0.352126842646052       0.143203705042699       0.142566410842150     
  0.522066094431669       0.864695012158262       0.732104828165921     
  0.567272925519058       0.277051605336679       0.106524168730643     
  0.186277685046340       0.669545534754466       0.783466033271702     
  0.317963961254055       0.463473751475308       0.461227666999784     
  0.802385907667868       0.661326428279581       0.144573578560724     
  0.198868226621904       0.486674380218563       0.827208790687954     
  0.338045411964821       0.722803906048107       0.950515823991118     
  0.804475311646437       0.341070239003328       0.926716521920277     
  0.395905561479350       0.748582285090880       0.236120485841642     
  0.947515224484514       1.750692945629281E-002  0.310298200275714     
  0.970486069745091       0.520084570899723       0.596053159880300     
  0.152663627530875       0.922296705992053       0.196137748896294     
  0.545088492736166       0.506621207809843       0.851172394648545     
  0.667587911671718       0.383594752068828       0.330002843669009     
  6.658313300644129E-002  0.344544423591776       5.443685914119883E-002
  2.384099119698952E-002  0.467474211499961       0.388745927261014     
  1.747834605885743E-002  0.855746356096702       0.677434445095452     
  0.957443809735580       0.260501251982130       0.748037571674164     
  0.629990783365408       0.445673584819596       0.533575863217193     
  0.743824511873270       9.454206453062799E-002  0.869848080424346     
  0.838429357012916       0.140701968104317       0.502390234426244     
  0.820475816811537       0.787526186806942       0.700973406976624     
  1.077474494893308E-002  0.489882691360506       0.746479525705869     
  0.337053152765257       0.593097856361518       0.505289152218247     
  0.295900262589840       0.313155602377114       0.450436158681335     
  6.662424114252358E-002  0.514719487300011       0.294781332538105     
  0.343332395644035       0.720494867551428       0.985280862352728     
  0.794097074944417       9.280400405556634E-002  4.223692201128460E-002
  5.900216114096653E-002  0.871524652412999       0.703548802121005     
  0.220490972869073       0.609277116349626       0.616424435698423     
  0.704084202635716       0.731499772029046       0.566145820188040     
  0.808447678460879       0.382399251968976       0.785966975774188     
  0.993193699998388       0.219049445045226       0.172323711557196     
  0.701560464581853       0.153275462902254       0.708866598909058     
  8.508730177463028E-002  0.573546684634017       0.168429666389109     
  0.588632990489936       0.481657379933569       0.978070723204098     
  0.731328546814776       0.408652455321516       0.516450622360495     
  0.854671164829165       0.387013115551460       7.750203579363593E-002
  0.669838697223009       0.859911828145678       0.530848109998039     
  0.753505381048633       0.881814026918308       0.814810822897674     
  0.745650894479952       0.980952787612166       0.399899024781160     
  0.498272618712639       0.815017083426131       0.568357584537483     
  0.380774001112851       0.963977588148579       0.836242832314619     
  0.996474132481142       0.223073524579952       0.974018561077346     
  0.718636705641827       0.535609729292944       6.423509321715216E-002
  8.360175451252694E-002  0.263394283377515       0.601384598570560     
  0.939016485843256       0.561767847578613       0.282545036077048     
  0.999449997040135       3.438739388603775E-002  0.659043414734113     
  0.966744235095911       3.642827167608012E-003  6.061182455315517E-002
  0.848957398025472       0.132262376904851       0.464100009351323     
  0.556073542750273       0.713091445202498       0.619601932510829     
  9.603623434978541E-002  0.279006736232369       0.162190502965276     
  0.697080624041110       0.599348090862505       0.249679710001737     
  0.607181193741675       0.856692048292739       0.197688099544613     
  0.693572070093988       0.455267889557305       5.736219150222847E-002
  0.703847025892016       0.920874705391449       0.453412855888167     
  0.368163022664550       8.980074245109612E-002  0.741114482910281     
  0.752202263659421       0.581649706173710       0.633678437152000     
  0.918302876798978       0.983459329466565       0.294447606993343     
  0.156302468695516       0.843754519305252       0.319207499683014     
  0.237878933312556       0.893807487524995       0.447597405189026     
  0.299400890706887       0.432205964166390       0.872828124933124     
  0.609803614612518       0.605776166763309       9.577949024049655E-002
  0.768865350326544       0.299925459920095       0.774676704628840     
  0.528874602365167       0.558606220410987       0.430178186791459     
  0.788990559223078       0.190062021937235       0.286612792917721     
  0.190680046861942       0.818555972566278       0.473833024529528     
  0.209566958312939       0.927164605616196       0.298829616550191     
  0.742880942180230       0.634516637391412       4.021469637218205E-002
  0.258535032265374       0.424574211314415       0.969841550605788     
  0.657138080296112       0.544934162312113       0.257449548191606     
  0.417334904429956       0.580674323948259       0.367417222660877     
  0.205429824577211       0.715608838676755       0.992651694693525     
  0.845357802483702       0.717172124061853       0.252689833453585     
  0.178109288819572       0.847275450921882       0.139889858864501     
  0.340491105586163       6.427006040065684E-002  0.331840378483237     
  0.756626716052908       1.564650302254678E-002  0.864572222973338     
  4.591634856742383E-002  0.458333727366428       0.884098311409759     
  0.834740512396258       0.308871539246029       0.817732465532605     
  0.197022754246263       0.853051086705055       0.137938912112874     
  0.333791845152344       0.896817252399786       0.770024397911996     
  0.399525856624391       0.522471395320512       0.127391121140068     
  0.784779571088273       0.798037275076750       0.585769993495884     
  0.507262764017458       0.460074486106950       0.938763478381968     
  0.847394139034499       0.726767929600391       0.631518780615503     
  0.924798651040009       0.186173714286217       0.147781166332353     
  0.443770945220011       4.335469904575817E-002  0.979002948123253     
  0.271880411257090       0.859711246944243       0.291395881333369     
  0.403514408769687       0.245760195832250       0.290644345989165     
  0.491691045923704       0.933594058725780       0.721529951700539     
  0.390477716944935       0.772563734039069       2.380182909919348E-003
  0.918075507445222       0.708202147274716       0.103898231050493     
  0.597083931618822       0.928677995632713       0.765638931030745     
  0.861720299757150       0.613013056606246       0.788997838410389     
  0.908686338222691       0.945834503858596       0.622085263494984     
  0.980697067987519       3.901381072781412E-002  0.865241592785827     
  0.538905557750926       0.790506351959815       0.498928322679061     
  0.551812144311982       0.414640712710466       0.551164237954691     
  3.809007290915356E-002  0.330733579119806       0.757366887189629     
  0.140042786419619       0.742649001303095       0.736394924572063     
  4.652205291811524E-002  0.691645220881589       0.462892043913590     
  0.970539927696095       7.557442684930310E-002  0.165687759457336     
  0.122333872092463       0.785989262663784       0.219439199440609     
  0.776469551494815       0.869868248279013       0.426077962591185     
  0.255864449309286       0.971537590463735       0.967005951044157     
  0.152323402175974       0.166125016577104       0.692317272059359     
  0.789990018331119       0.417997209807032       0.716638247062137     
  0.311325135558390       0.996486946348883       0.933534360432060     
  0.550333330899038       0.562438561307442       0.162827899238653     
  0.746315236219339       0.544202524873185       0.611995781816225     
  0.402292420428882       0.300137989896052       0.148502504863653     
  0.184460853675979       0.747549830532168       0.653581175849426     
  0.557281578830057       0.909672373541071       0.719694482298125     
  0.652615352225631       0.439049375247205       0.941203454746943     
  0.383876349273850       0.908820200154496       9.925889929124255E-003
  0.496701046864973       0.900468828241047       0.920749646806240     
  0.183611769884541       4.110399810955837E-002  0.541098705814699     
  0.737827994234047       0.117691485780448       0.241694826366040     
  4.158787829182109E-002  0.422991465999548       0.562615294861235     
  0.463194331604899       0.102706274808341       0.607803877978859     
  0.546041880194651       0.424711912923998       0.810975019127685     
  0.869036046585071       0.401027370749155       0.783586715072099     
  0.883023289361316       0.575977657293865       0.335717908866217     
  0.517406385956593       0.959877324819578       1.444026514641390E-003
  0.634329059376748       0.266009949431136       0.372799076419890     
  0.877700201688692       0.555817290575546       0.881658394763626     
  4.469142207907232E-002  0.105410566824268       0.360267866489652     
  0.521575497464515       0.761678894617864       0.585021745275649     
  0.540635646500558       0.249682330338781       0.381555901758533     
  0.162243029089518       0.282419939584793       8.904427790587835E-002
  0.353786925487579       0.668068862873309       0.914802760965892     
  0.349542288783446       6.763888863842452E-002  3.146447922523388E-002
  0.701618575750011       0.200044979620743       0.482860697064938     
  0.814390442219961       0.959182299244217       4.016900562678181E-002
  0.689116917577595       0.129782009685158       0.527830810192541     
  0.791114771927394       0.274522446983212       0.177620428304468     
  0.518986108495392       0.646236779523450       0.390522145586373     
  0.851686069992003       0.246385495090178       0.783205181127235     
  0.230477865068807       0.944410594368241       0.827129441646448     
  0.428254547560819       0.589111219731668       0.534241112207792     
  5.576392742181324E-002  0.235050024594046       0.431192419358761     
  0.276561808894497       0.437508126278040       0.964182400977115     
  0.257661512637326       0.400049067947235       0.700992162914115     
  0.255274471098636       0.391935499463212       0.663613224392797     
  0.376566705520287       0.296113560659551       0.775282098403409     
  0.559940517129593       2.898709854638248E-002  0.235557609349521     
  0.375667298846492       0.487756863001114       0.637656438835989     
  7.741425458081923E-002  0.359974793228507       0.159597482222961     
  0.128386952735592       0.881977413913348       0.153672280092148     
  4.423388377154943E-002  0.158254553821574       0.995359911848398     
  0.773324152856872       0.303919452070229       0.115249605116921     
  0.331741692509739       0.331905127803834       0.202133674224212     
  0.466179924275000       0.805183326648279       0.176303677137855     
  0.663578392842012       0.367578237972022       0.386853164409403     
  0.857415863039040       0.242361454185256       0.947806417931037     
  0.140619925752208       0.335064644203127       0.405419944127229     
  0.264600573584479       2.293826601794213E-003  0.639609024253013     
  0.384806403208999       0.526713218736412       0.957286661205917     
  0.270411663183707       0.295200841247318       0.554108716966189     
  0.460266354002942       0.316686350959805       0.490724411784286     
  0.685013605969809       0.271491226702511       0.319491766556349     
  0.801373632860361       0.504643438598853       7.185552537991066E-002
  0.549866012263019       0.253047189156667       0.724310989150364     
  0.729504628156121       0.494653485318101       0.218672203394259     
  0.302830011323502       0.337917680500453       0.385270841082338     
  0.281904468365362       0.312556314352237       0.880865306238527     
  9.019079067875184E-002  6.578950639765355E-002  0.387502263049180     
  0.382685531775207       0.979213413871380       4.605909580775684E-002
  0.355666558688791       0.209948312411526       0.183868402491234     
  0.931446833155943       0.727942174952092       0.119985146459490     
  0.640232835698735       0.101286700896208       0.897669242075222     
  0.343591519038585       0.445562992788364       0.523689878820488     
  0.926602923874692       0.435105773237423       0.753142034485585     
  0.190279529765707       2.483884194974844E-002  0.541507623667722     
  0.505817752787614       0.158445088655693       0.374840266571717     
  0.573294869407540       0.894988078906504       0.247202412896891     
  0.733733007127939       9.136694215518790E-002  4.512217652500948E-002
  0.650203467517554       0.133689802552588       0.230953559790561     
  0.472079371052531       0.501815850652085       0.658897048319926     
  0.772059520097000       0.541178168321229       0.622193685674336     
  0.604655947126944       0.942811435010760       0.194595876463209     
  0.863878080368280       0.619570213621920       0.275941795906533     
  0.807265269327294       0.124645370780835       0.170514766321502     
  0.539372941912014       0.849913677402300       0.372811422043031     
  0.155000631558985       0.305222904718937       0.651201376316101     
  0.981510906831947       0.946795150114955       0.762998849875745     
  0.726566993021784       0.374216754447527       0.901055555306589     
  0.413334934548178       0.902754650095499       0.333574624528232     
  0.942404098400445       0.127658666605514       0.838337086398432     
  0.913102095359544       0.828356536334565       0.924428731929545     
  0.823777056079485       0.756828687799883       0.409982527228306     
  0.249773851770777       0.285925224578716       0.573697540407740     
  6.145772046178953E-002  0.826898711617397       0.759668459879693     
  0.565793380032118       0.923820923238864       0.636942587275609     
  2.705066015513738E-002  0.619979487555043       0.316852817181131     
  0.922671534473013       0.977304494650829       0.510731008925441     
  0.435683323395123       0.685723528906795       0.283393601532163     
  0.114289412843730       0.149498740331647       0.237019391917231     
  8.199725629184074E-002  0.238683669853622       0.339118093981032     
  0.712161664577263       0.130090660416217       0.649205668346636     
  0.677886497894160       0.587391611297997       0.212567444867728     
  0.458239407425401       0.636110569088928       0.961572665219775     
  0.971703441978901       0.886049182161029       0.544855416303084     
  0.179720599683742       0.598429916055454       0.439879588671544     
  0.988796958672394       0.678604580708128       0.442124664845138     
  0.230785552341119       0.428265811399571       0.801484899454077     
  0.646198693266358       0.350045104391359       0.420194434646680     
  0.881825818199404       0.692063623001080       0.528133697419431     
  0.628104395191754       0.179498077044646       0.800720250626791     
  0.910812192445133       0.508549875791012       0.376385863440281     
  0.779141418072852       0.900371366379093       0.207633237498793     
  0.510994616966370       0.731095754113551       0.983873507636822     
  0.348861169978558       5.584044803554995E-002  0.203727404555374     
  0.477003545570523       0.166815577054990       0.809661900170116     
  5.254097357953277E-002  0.762791086825731       0.251250268125846     
  0.834304690215073       0.736070230014636       0.525651397352823     
  0.825190570396720       0.958367709413544       0.265637344588152     
  0.797023683693997       0.558546332495556       0.303987691482261     
  9.934523032073776E-002  0.890854019273805       0.997802875227637     
  0.941337560880398       0.947734063579970       0.778273600930587     
  0.719095525980415       0.581120982795048       7.530490343653738E-002
  0.174671431897298       0.194978017231128       0.401553699370406     
  7.660039096666306E-002  0.250357836516101       0.880464440162543     
  0.681327327221255       2.975102071769960E-004  0.936834843593580     
  0.163247167545792       0.268920231186828       0.113464861158704     
  0.406483846054281       0.997873099906741       0.728454373531712     
  0.202287800459116       0.939944606641007       8.487387667362810E-002
  0.193048254871775       0.788904418536087       0.913608330446777     
  0.108205175531048       7.995619799200675E-002  0.327626207414942     
  0.731067249147890       4.657574817147766E-003  0.312828868112376     
  0.582956579829551       0.642867271933664       0.297001357538068     
  0.828208809637278       0.891764715726886       0.507643508383590     
  3.933243513757088E-002  0.205953674821586       0.275625667674108     
  0.148320718377098       0.396720080063847       3.587397487086762E-002
  0.164999263013254       0.522936536984343       0.119168028917346     
  0.169170907370442       0.664861824862631       0.686276607194571     
  0.680708702483786       0.768186620991595       0.404681061566205     
  0.236392556084600       0.127928561984082       8.427045298778958E-002
  0.861638837370653       0.850634245181142       0.238887459530068     
  0.447309162092718       0.219150791810646       0.643027176134846     
  0.487749214250592       0.288330188579954       0.362484703512570     
  0.534611103673150       0.638786533052786       0.502987393751503     
  0.215329625789463       3.928898731074134E-002  0.904221460080933     
  0.630248007202282       0.618594352125676       0.887698210620342     
  0.149782549188301       0.213343066022039       0.778651010450230     
  0.416352288333798       0.784323796988430       0.284302088327086     
  0.959589923983689       7.119634797264442E-002  0.549437398996423     
  0.294814789888060       0.832436937808362       6.519851419070194E-002
  0.389757155821724       0.654163235283660       0.972936363060960     
  0.433126031311151       0.696185175022723       0.703332765842072     
  0.605660754331714       0.388162080728521       0.300977776421726     
  0.887303486532478       0.250903274414192       0.280462175218193     
  0.802202815825053       8.294794716666401E-002  0.535869273204154     
  0.907317200390738       0.171809270603385       0.139683655758734     
  0.106058906960571       0.163290889035108       0.907255694740277     
  0.261139348246425       0.348411031423597       7.034519558959065E-002
  3.204928745915723E-002  0.327591061906447       0.510747214216534     
  0.895216455289383       0.234681327567283       0.434559418258231     
  0.821421946076149       0.868215558140823       0.471286481237298     
  0.857725955512882       0.941453376898413       0.347285524323053     
  0.324361989651813       0.315552340858651       0.790461585826907     
  0.288229543611551       0.985476961070891       0.325426346990060     
  0.713864840416027       0.438192812472046       0.859301566354535     
  0.333463288987819       0.858903767994135       0.866804339570449     
  0.662087159618323       0.968503979661906       0.667140008308677     
  0.569878970764344       0.545628678982884       0.578154208282420     
  0.794129800550899       0.277338560232036       0.279262501491696     
  0.579671160878314       0.583588618056821       2.111193771514945E-002
  0.815748336278728       0.391086582755478       0.333910190602559     
  3.796278755605988E-002  0.176284633597974       9.738479939577592E-002
  0.101335456922448       0.394577324249206       0.483335362485655     
  0.400094266217019       0.794408309811790       0.693942494329424     
  0.852167353907475       0.622993419832265       0.198389677359996     
  0.972427547619248       0.306177293846879       0.422454576552826     
  0.705288553424397       0.274216646071514       0.532926437761784     
  0.870745218538138       0.290825304804913       0.394068124251098     
  0.929955499545533       0.630599095727533       0.675591845013981     
  0.483935591044330       0.884231189817250       0.898202384508545     
  0.438271339190088       0.452811418261025       0.103091532520001     
  0.474526301644196       0.340273925991121       0.156524054671345     
  0.431159672724346       0.361030522945205       0.773672778580510     
  0.134980306063261       9.577889660107392E-002  0.675977339053180     
  0.219667097315492       0.516189617590124       0.132675318915133     
  0.397337340026674       0.122581841395757       0.124946992525502     
  0.366333153457783       0.475093315092135       0.795513579590981     
  0.215340496847354       0.490151196654759       0.850770043791590     
  0.225595881055581       0.450489611795286       3.720837633320218E-002
  0.270587657266267       0.256876464075883       0.639745053549845     
  0.980449093204944       0.286048300941391       0.156419128692462     
  2.151758027865368E-002  0.551303153809343       0.630829299427392     
  0.157909497164418       0.987603446062592       0.107724507104491     
  0.355495552935142       0.811629884311735       0.300416430568361     
  0.118252176380750       0.465403689939015       7.102900093081833E-002
  0.939948657775575       0.863465629190496       0.987043800915120     
  0.897661766005210       0.701721567915177       0.424894836497764     
  0.755186473831177       0.643020282244555       0.983257219701893     
  0.227491725788856       0.320106237624943       0.347993209355089     
  0.523827585738736       0.496645589134616       0.751710579373161     
  0.736768667789478       5.886909668737716E-002  0.814726774165190     
  0.715471606194310       0.574797539122899       0.354469430994085     
  0.878142395841453       2.005088342217730E-002  5.750537593148470E-003
  6.223768976508593E-002  0.205573372778241       7.963148133895179E-002
  8.686595665493722E-002  0.371388153614157       0.768332947970923     
  0.897899501142208       0.138342951287041       0.380592578988514     
  0.289466833884818       0.215935890443772       0.681380358303054     
  0.951677602097819       0.125220376759286       0.495665537940870     
  0.564315198583629       0.184510689943273       0.747777237899534     
  0.616887030954608       0.559824575518293       0.641172363049461     
  0.240780690321381       0.149737306208382       0.687275472841693     
  0.936995920959635       8.354549812871320E-002  0.705334344332431     
  0.572490803149435       0.734905446150679       2.220538504830748E-002
  0.466634045918111       0.322996573280525       0.747182338540358     
  0.212452343023342       8.678583680541103E-002  0.246382698069045     
  0.592219271588061       0.712930936702685       0.719754325712968     
  0.715100622368160       0.564321094255776       3.495882841093789E-002
  0.143583296367178       6.120554388437139E-002  0.444285591813172     
  0.996160142385737       0.906535918763019       0.941124342170457     
  0.930652520001528       0.836337970883754       0.336513033826677     
  0.553989268378797       0.611091413538042       0.845866478489794     
  0.974522715142025       0.289419500954952       0.626940478056624     
  0.492871739104441       6.814924003063225E-002  0.718380169000164     
  0.919940059315338       0.514028741522194       0.474328984060938     
  0.497700080725708       0.934277196151284       0.175024196800967     
  1.591024701439749E-002  0.897725432070149       0.223425588841887     
  0.490494852289122       0.970645239271351       0.891199444451978     
  0.101140620038828       0.430860612614449       0.999585953076251     
  0.168410994713028       0.258345958822726       0.877158143137804     
  0.365639088827833       0.750506689264427       0.729208592387800     
  0.852635762454781       0.677672791768788       0.480245051259822     
  7.949926391991823E-002  0.677831229570423       2.547892899033134E-002
  0.589735768206119       0.427563640285141       0.285719382449144     
  0.275081083840949       0.890427772501072       0.757692875313090     
  0.812865765510701       0.926387987863576       0.957089394196676     
  0.625871354060744       0.986239094249677       0.546536339974079     
  0.420635224920466       9.815011853041501E-002  0.122876837024221     
  0.829371510277877       0.706171340507017       0.269599278831328     
  9.479666825220062E-002  0.139994522108416       9.338081974025617E-002
  0.658878002891900       0.988386569352985       3.365074719559379E-002
  0.330936649789724       0.918885458788331       0.863342136854811     
  0.988785081899211       0.353547306355970       0.403822402340689     
  0.864177779896414       0.531715381264425       0.938913167696340     
  0.698966718753913       0.602911259149908       0.209782807906043     
  0.840708625803443       0.499936721392844       0.244561854070978     
  0.816975431540177       0.965246818688474       0.857747715197398     
  0.254159592954245       0.365047880158232       0.786795658155214     
  0.915601705554086       8.899598375022172E-002  0.427754085118020     
  7.897831191664857E-003  0.309721820076477       9.843613945668860E-002
  0.315484296303693       0.693594128870532       0.877194294236305     
  0.310277410409547       0.649391930288303       0.394767277861537     
  0.423139405802288       0.207952499116130       5.926513523505371E-002
  0.749103420592038       0.932553309458969       0.820305687206252     
  0.839707606289802       0.269557407412090       0.723889802192327     
  0.883570844083679       0.999662554501069       0.465780114694672     
  0.749072247471462       0.756108280214194       0.889714970313947     
  0.294224133651292       0.504743977471876       0.130673388963590     
  0.207263254152572       0.773770323062972       0.901410829856288     
  0.608347611816077       0.227267467147849       0.106219741500895     
  0.556845875716121       0.953057816685900       0.488007872076987     
  2.212131769048003E-002  0.922415592953128       0.492338263980394     
  0.708633162690543       0.554629802432042       0.631639333285808     
  0.133462614988562       0.403156478377379       0.743488434418587     
  0.826136769845357       0.753565667791870       0.688465011375000     
  0.658551065264009       0.341408279778022       0.310117273751359     
  0.456881269175947       7.103572186563824E-002  0.364779513289558     
  0.527277702963916       0.829910611001485       0.545781844381157     
  0.739205327726960       0.668805968974092       0.989756048508009     
  0.308734667888347       0.681448626955289       1.260137173176367E-002
  0.562038346092893       0.398111025658861       0.672764418436588     
  0.317848915140455       0.685644666554385       0.669826124941453     
  0.604673259556575       0.740103487008238       9.205685540367253E-002
  3.433581429929840E-002  0.741815543502368       0.962919986934732     
  0.783949559860718       0.443115673043561       0.340044961402643     
  0.422507119673705       0.539077740729571       0.777172793886320     
  0.897395436778180       0.157021605270916       0.618999629282424     
  0.446207975968010       0.596255109441842       0.555051610161049     
  0.479867837555310       0.595453123629758       0.591055066063352     
  0.281737809494418       2.629105661046365E-002  0.485745310342130     
  0.481602936109708       0.442553607446245       0.855352470130416     
  0.569745125756000       0.407121785484963       0.438097586865272     
  0.469594815484518       0.834194636602488       8.965482419399644E-003
  0.575376200758656       0.848229600241039       0.679951968433772     
  0.113397182119030       0.933066902584382       5.191064351428069E-002
  0.109710914030793       0.182986489778470       0.467019181922667     
  0.787868447287809       0.576860309018853       0.166947450972322     
  0.866094020461035       0.820600375224413       0.574723907913060     
  0.124041187162385       0.586451775688495       0.931046587310859     
  0.275535223559479       1.860163618025566E-002  0.937101247987085     
  0.186423114599908       2.356542575571747E-002  0.447611981309777     
  0.868121413319484       0.811508807082859       0.341627301123202     
  0.191858509859818       0.802205916334278       0.276474637439636     
  0.661831757103469       0.138044452898812       7.290712154110117E-002
  0.339784739001997       0.212931070259886       0.371136210121278     
  0.373008306723164       0.517881777155759       4.999174259900555E-002
  0.695441741393298       0.930116906425711       0.917235891132052     
  0.222039669042794       0.348552467444898       0.456455958829340     
  0.986966644957558       0.867703441155039       0.676479399764276     
  0.196908078974226       0.271320347226099       0.329109570028349     
  0.181735136118553       0.915545017468997       0.248795647961795     
  0.903130940342676       0.526313926297335       0.618352990756729     
  0.212908935688097       0.791299078738036       0.194169580647599     
  0.855047673354088       0.353397374661571       0.665858506988496     
  0.393815444065432       0.404092541373199       0.436713373924220     
  0.512436538595660       0.697294985547047       0.550593623720975     
  0.370454122848458       0.628580956110025       0.432151735724179     
  0.535189892009800       0.524917329147561       0.188938640865535     
  0.584347477188708       0.943462674533977       0.805174698293867     
  0.922229296073560       0.956979555463491       0.101260837319916     
  0.587572921042743       0.950980416890860       0.825916130156461     
  0.598255299499876       0.110150581628476       0.507559503618401     
  0.890464919414019       0.973104780796676       0.603351922457818     
  0.976818694978369       0.724634954161795       0.412101124353522     
  0.372472022093953       0.303003232173568       6.195122559468096E-002
  0.644187454388671       0.627769836115505       0.840739866958242     
  0.806322953039094       0.851513617902156       0.804724760320163     
  0.910926863960836       0.232397499449394       7.922968168747958E-002
  0.669871729443057       0.241757035252635       0.513808607815309     
  0.809707352917141       0.807154199625148       0.458498217291315     
  0.710347226379957       0.141443873121847       0.500319172637225     
  0.246718573783736       0.728728337974042       0.648585635377493     
  0.320119482946714       0.170985083551103       0.738144037940205     
  0.408593394095677       0.118128710813936       0.707345218957663     
  0.452911791139102       0.101061149875495       0.208274232493515     
  0.945841233996879       0.832099793979352       0.739190259712668     
  0.659902246792159       5.855548219547523E-002  0.565025519516758     
  0.836953119415237       0.789332650079060       0.523075944165980     
  0.246109455194507       0.199132117748309       0.972001756895349     
  0.209173251081742       0.135278451290519       0.930250741947870     
  0.594946788179087       0.301598235261399       0.497813854915436     
  0.886735694536563       0.651121317662229       0.733743728857125     
  0.649240356347350       0.975825754043902       0.538411944865247     
  0.614437124534528       0.617414521513860       0.935612806820675     
  0.449335798023179       0.886781550984206       0.130033540960251     
  7.094252814084830E-002  0.278720226963777       2.777757044459274E-002
  0.546281186618075       0.297051202019849       0.685627682141000     
  0.500118083965880       0.815140294623249       0.729055035106727     
  0.964570157585916       0.839552349204223       0.170644222012094     
  0.217970547988618       0.108169828938922       0.997022658236884     
  0.347305213410285       0.327761648090407       0.836486977729378     
  0.135761950618518       0.217457834510681       0.519340798419667     
  0.103959883733506       0.782876599716107       0.560444222158201     
  2.491356929077982E-002  0.480491288385171       0.913179991975776     
  0.758527815200605       0.321297144611364       0.383660861321062     
  0.753311452068152       0.436131510319405       0.151839423709244     
  7.222817304266724E-002  0.200633294706583       0.992858128139883     
  0.172241576918781       0.448008224321690       0.389003806706849     
  0.865094805008046       0.662831753150144       0.521321551769891     
  0.140373750861256       0.317083317845389       0.496503132336098     
  0.122197294753318       0.191846623870977       0.189415836665172     
  0.454487870003612       0.357418265921133       0.435288031061898     
  0.267551967314633       0.968588353105550       0.295300166042813     
  0.894297819240392       0.878795336728032       0.157366630487192     
  0.781628943529880       0.497783980013072       0.874176395904158     
  0.115828926924011       0.665605340619185       0.146672884149271     
  0.304320573963893       0.733923508426684       0.392209771035644     
  0.243917670373001       0.195626454480108       0.993068659975325     
  0.173029470007552       0.802406127806320       5.533608332787886E-002
  0.510000245682427       0.174772828478498       0.578777729286454     
  0.694397656440573       0.106456707506253       0.109742968359920     
  0.583652994491381       0.495023477061748       0.224438974757140     
  0.434268940927936       0.846454487674973       0.416735892028887     
  0.305878416917171       0.635769454907604       0.200610648579261     
  0.493804462360875       0.634383878154404       0.818232567657787     
  0.458076937411677       0.508181013107462       0.613170672175332     
  0.107313185787298       0.625554427719242       0.910955101998360     
  0.765753745543268       0.591144440897706       0.242820585259495     
  0.934142098694797       0.905171440759222       0.153351668656894     
  0.120820394624757       0.600332454049964       0.897481220312944     
  0.242919430839633       0.337833412034602       0.143399879183578     
  0.564086745570516       4.945997994446943E-002  0.164488849251260     
  0.439731264626174       0.218537019823696       0.157483724594656     
  0.327361377033090       0.385787690235776       0.223613175633157     
  0.327650287844444       0.113596940424903       0.893244976972922     
  0.393616177137545       0.671805030841624       0.869023820783231     
  5.410208858376739E-002  0.421396770468952       0.951661317578892     
  0.538041532343283       0.589058117421431       0.688117810614816     
  0.329517114619627       0.151235559467914       0.264621692775178     
  0.625938857527265       9.739855046451062E-002  0.407947765129197     
  0.844145412911040       0.699381311656526       0.575361901282841     
  0.151997510242613       0.156009087518062       0.325707574742743     
  0.387669082702989       4.932406041619826E-002  0.650332004938500     
  0.698345125555582       2.330534574653210E-002  0.626732512487189     
  0.528082514679220       0.389483416556688       0.772864144527769     
  1.271568950676091E-002  0.988184058868052       0.829051658386075     
  0.842348024847448       7.635349805384865E-002  0.118153269957655     
  0.786403064659549       0.916620252579528       0.540270114236389     
  0.676586946058029       0.473241791178644       0.268674846297028     
  0.997736305077165       0.877061296666090       0.965048068161216     
  0.799183350026012       0.936689102990467       0.832427430213373     
  0.442174670114218       0.935879734415807       0.560500633844489     
  0.631706745707786       0.824230152127019       0.598295787941678     
  0.267775849263376       0.104505850418816       0.684153025194099     
  0.611941778091064       0.981404894416496       0.414450793521591     
  0.953936665776340       0.510780371876864       0.255132533190925     
  0.531654852733217       0.283965220354714       2.210576515007518E-002
  0.937351228138886       0.711900611751630       0.269628197347453     
  0.520728935426174       0.520125168904974       8.635678267620776E-002
  0.762091331709519       0.189772187941291       0.136350914392706     
  0.200741518728209       0.465142358282181       0.341303582451027     
  0.321392994439311       0.689257968866214       0.861722960675467     
  3.889574185712052E-002  0.649996601752366       0.548834064668768     
  0.352057543576303       0.332492259302857       0.661133407853055     
  0.132638155239488       0.721457082700617       0.204124889058958     
  0.469230126841291       0.292640199716032       0.590614359156241     
  0.813760825849372       0.379188949294599       0.660343748793744     
  0.410265631261144       0.230027105460278       0.624581958117681     
  0.992485766333160       0.797718413919251       0.854528834319097     
  0.203512225760658       0.779847186475055       8.493894083051892E-003
  0.620179525110229       0.631954169518817       0.842308879155491     
  0.313311693722608       0.639282135007329       0.854496902670654     
  0.645373766721903       0.548965198877602       0.849617682248514     
  0.805826873316071       0.367224021606555       0.453252711361412     
  0.554040152289747       0.324764203710787       0.619623647784564     
  0.648926490816340       0.884131141860988       0.713557947268062     
  0.488553820965291       9.590815662966233E-003  0.955124506158239     
  0.290864484714105       0.556386972624105       4.134021492822216E-003
  2.594402493383617E-004  0.569029323723300       0.822813097077683     
  0.490346971264906       0.795848894769223       0.490023040941914     
  0.203269413717103       0.813939057694967       0.791151157275698     
  0.675831765552620       0.120469624972159       0.662487207698167     
  0.363322058425959       0.254695062068626       0.308452714198544     
  0.602102692300834       9.489167024066322E-002  0.305833116936984     
