  0.592144068322448       0.988577406098452       1.939642809333974E-002
  4.370274368471204E-002  0.765808014322080       0.176581348805376     
  0.629642028054864       0.341892889659387       0.817195553395457     
  0.154870258898645       0.292439582361290       0.659872259020380     
  0.893565538056886       0.372367952041893       0.319951659664678     
  0.475869891604402       0.174917895027502       0.544485942048449     
  0.334569551288919       6.674141017338066E-002  0.534686871752095     
  0.623839634028505       0.487918898522899       0.318085158922371     
  0.360448524523561       0.151452240105276       0.196539282523463     
  0.408443417606126       0.238641781044004       0.592980322719669     
  0.451208813274978       0.564942314135270       0.664292816347645     
  0.387091148557266       0.388128313897331       0.113141111449952     
  0.680810446918403       9.261655455797801E-002  0.983650088168560     
  0.805219542825266       0.844000271364520       0.991231573241180     
  0.952609931012296       0.285003903303113       0.278460437593359     
  0.217713424405168       0.648275129233196       0.343337202703180     
  0.300824830697303       0.703459989323046       0.870288942546823     
  0.752381123553481       0.738668455702474       4.080137489052454E-003
  0.748643828686543       0.587754860227750       0.339114538966663     
  1.954356546854983E-002  0.622163584545203       0.789156496409817     
  0.278257336628848       3.078719419367887E-003  0.248056428387867     
  0.111561990112028       0.131936893126787       0.853235162840984     
  0.778199603260563       0.208322998331504       4.867765913321354E-002
  0.986653531062605       0.284791375325190       0.609096182344756     
  2.216059672230724E-002  0.141775841123887       0.411131349133688     
  0.507325160469824       0.452930835617918       4.382238432634111E-002
  0.667434845761831       0.933704657033210       9.887062039228421E-002
  0.292543451404358       0.979982823389411       0.415670522863950     
  0.148881312329148       0.524170761705111       0.432802671751291     
  0.277787759096659       0.607027005468824       0.781620651779314     
  0.248216321340003       0.880849142102999       0.543075556271157     
  0.850295733622486       0.874309517533422       0.269723054412248     
  0.128855648675718       0.788674203281049       0.113731398715564     
  0.348966447298609       0.520061199445178       0.949661238427067     
  0.498315883481822       0.461620261507183       0.733618218326674     
  0.579079772149312       0.811436235765637       9.929140528616971E-002
  0.409339423464498       0.416020894831829       0.707109719277168     
  0.736587663123811       0.915957393017822       0.219220097943783     
  0.517690182437973       0.848893744815837       0.607337630969287     
  0.543139855962519       0.103047328166015       0.360757574107926     
  0.211753393570357       0.214312001281163       0.380706558113535     
  0.658702025778614       0.345015942827293       0.895405177975992     
  0.832142909278062       0.298948389666430       0.606550806515849     
  0.447804418084436       0.540093976374129       0.181969101908024     
  0.790161960178029       0.639870849717616       0.906548000179296     
  0.963140476459408       0.180889495300155       0.533267199740777     
  7.349328750031434E-002  0.737942661584277       0.780810454141297     
  0.859130741081223       0.709747511756706       0.728968929887958     
  0.880254448184839       0.780884696499424       0.831302780113268     
  0.196079639592119       0.940715836898249       0.887947497070580     
  0.543653520243194       0.650522664641534       0.955825372460641     
  0.903359783135833       3.927902503097338E-003  0.697869006851673     
  0.970429020121436       0.477281779920992       0.485606398741603     
  8.930374468150833E-002  0.409114515897878       0.441541030326492     
  3.625547214034405E-002  0.924875143645911       0.158172240470473     
  0.713751163680794       5.909728148387526E-002  0.480096708856665     
