  0.161327999559418       0.306192009594442       0.114685562833200     
  0.744612572936035       0.820564113456255       0.296545608921590     
  0.868260024253079       0.847676684684258       0.198825972854218     
  0.239227632712172       0.221054874346725       6.334869060619968E-003
  0.881941917080837       0.348468067203116       0.275268620115971     
  0.252394428328003       0.108558865705358       0.720144307459463     
  6.565752664215149E-002  0.452805490909183       0.814698295697308     
  0.296728339441610       0.745284482634265       0.876089762098473     
  0.916764571076163       5.188571629116900E-002  0.437827223092480     
  0.452486719198565       0.853442502887445       0.137060161427186     
  0.330003225289699       0.650376577166220       0.294281380670356     
  0.194289575653387       0.486717470416227       3.441883169432507E-002
  0.489207451575625       0.146989582183016       0.558593505704521     
  0.407040877564613       0.367668146720909       0.263018586927679     
  0.806067209226178       0.328907753610080       0.495336094618834     
  0.528886383886213       0.773541947662783       0.874819076477664     
  0.303728323737557       0.720472074108025       0.756599413300263     
  0.422025413938945       0.562371516287900       0.566361232915453     
  0.583365628683679       0.813435253350345       0.398482200517313     
  0.909703510446178       0.974502829972083       0.851098764218677     
  0.679692725759529       0.549160210853672       0.736772670903092     
  0.351185798151010       0.236920492725557       0.524073090930707     
  0.774213269970875       0.396378115311588       4.542272952453470E-002
  0.933280963153261       0.547721242670138       0.953582135057037     
  0.148856977568756       0.123412616407963       2.695798461002727E-002
  0.438862006749683       0.729496996224087       0.997801052820349     
  0.803507717682876       0.249415411637644       0.225704491658726     
  0.560890308193492       0.263158408863847       0.970866194064120     
  7.206825473804626E-002  1.410912348739594E-002  0.611819889772552     
  0.222695528790833       8.194921492102002E-002  0.348123641497047     
  0.947585954339655       0.382038465180081       0.356887411433222     
  7.589525214048652E-002  0.427598044058693       0.217614077274133     
  0.255706016176208       0.884770002145296       0.688866830917468     
  0.678645586262355       0.283183652290284       0.404082463584885     
  0.972442450021834       0.490140350372506       0.516970096154692     
  0.585654025745265       0.664072627835032       0.538965481118577     
  0.625971809919726       0.217440146380409       0.144977515539298     
  0.962210713285218       5.079888350154825E-002  0.946412591379118     
  0.458209321697649       0.177254504040393       0.387103670863775     
  0.661172484372200       0.866120738188917       0.802851896091522     
  0.766926925702889       0.295020850129676       0.729967646781244     
  0.629516272541404       0.301961034809162       0.281817625407239     
  0.222983160616895       0.611856709144894       0.976953751994871     
  0.369278321663006       0.148397766280479       8.025880327945875E-002
  0.856551924444812       2.928203097850010E-002  0.858138360457706     
  0.175037915184023       3.197216664724353E-002  0.927563868553150     
  0.728908444993647       8.952323721532006E-002  7.070992783785468E-002
  5.866908200761295E-002  0.195490567028922       0.708795930596651     
  0.514235021203114       0.795619306665877       0.332471471741765     
  0.711975592186641       2.817212962710771E-003  0.643919834601466     
  0.998001373371204       0.991544285036314       0.937311287923067     
  0.155920751805689       0.598898266778704       0.896374433502411     
  0.409082263897752       0.956227185100571       1.581613074011324E-002
  0.542218466940626       0.165312615349858       6.153244956259551E-002
  0.427752201053297       0.828157136843191       0.125280791685833     
  1.220244830811761E-002  0.462697617716354       0.443736948461679     
  0.106243117877432       0.676284643769639       0.469265864041495     
  0.782977296785774       0.933860973191104       0.190464237468637     
  0.931653609608708       0.780293564425395       0.772805521250085     
  0.820855663339759       0.829947856141978       0.382439145937839     
  0.123645267713910       7.250873721249296E-002  0.310252797418438     
  0.799705195229822       0.880046757206276       0.672582926724150     
  0.534585910889442       0.190060617041063       0.365194789045821     
  9.164481146158929E-002  0.392276941780815       0.636963749034946     
  1.754719082857529E-002  0.580933476477861       0.989533785974798     
  0.274346237023645       0.641417668332538       0.771158612376178     
  0.647779128574470       0.213224886125236       0.576483742128151     
  0.472919947878763       0.342465965253217       0.612798209354355     
  0.741671098341908       0.759946836029694       0.533682523750848     
  4.413543459808095E-002  0.914763727925527       0.478076052225700     
  0.194721269477840       0.640758874175725       0.923605265965952     
  0.998535011702200       0.791118105069105       0.417066912427174     
  0.341090414091758       0.359398285385288       0.194419386902981     
  0.610084550556212       5.413475838080689E-002  0.750740026290435     
  0.438732498928310       0.746268186815527       0.106635692461705     
  0.887469772287870       0.610741249578162       0.812621863995025     
  0.705680925693923       0.940130106801882       0.672511790701003     
  0.918748567582631       0.138895949080137       3.923960098410557E-002
  2.217528883579325E-002  0.284562172333489       0.655666322228133     
  0.389318225553649       0.656359059334254       0.696402314417441     
  0.235793752722020       0.904287566626840       0.551734842449788     
  0.592845464317999       0.515995957063729       0.362269858324556     
  0.610602002234762       0.521846593151385       0.168211353513447     
  2.514736719697228E-002  0.522621812857992       0.455223151070504     
  0.673565848419826       0.604262527442135       0.824647078591264     
  0.723229057408703       0.901237279920241       0.167642906901427     
  0.371214403419112       0.911727304678895       0.450592743375927     
  0.310767876012228       0.327106484064649       0.199336298426616     
  0.286192563221256       0.436524024801951       0.880095065756410     
  0.129263572479762       0.750106251016968       0.584453373005270     
  0.199124345781530       0.141427710592611       0.257770172498137     
  0.122148385427302       0.464332270851777       0.747125825418491     
  0.272165266848618       0.421960516014190       0.629003468802787     
  0.322913889981688       0.443190491573069       0.247319250448686     
  0.549497071393203       0.872535517603594       0.893443029141295     
  0.981606066400418       0.988306167255306       0.516070875961183     
  0.468707489217461       6.158723439687001E-002  0.596990778272095     
  0.656729435761798       0.104610208245334       0.835355151009708     
  0.566771281797101       0.507362801019215       0.963296140218466     
  0.848055432279822       0.701627135786179       0.153308746808399     
  4.636174701926456E-002  0.264453879339002       0.850371523856305     
  0.767650334753864       0.211556877207070       0.499393332324328     
  0.594739305082233       0.694207206291748       0.247772891330334     
  0.827747652426177       0.315006661225242       0.107307818851369     
  0.140643379067077       0.558373302140127       0.426127459926774     
  0.490508618077857       0.584812365635835       0.308225720815087     
  0.900414851380839       0.972946216231129       0.799219002969418     
  0.871201184816875       0.691429253348602       0.599689743294618     
  0.379550021600992       0.467770489981905       0.705925776128188     
  0.206884658259466       0.958603898500729       0.324801276164923     
  0.829355909051653       0.711482271832709       8.380510916313524E-002
  0.503308518974013       0.398579255405715       9.576279256993107E-002
