  5.490625976540180E-002  0.395118184621448       0.324354366117833     
  0.570263973239657       0.334313852499489       0.712216492042640     
  0.630936449720381       0.959662268016415       0.417878964059888     
  0.730169671738966       0.646252293110608       0.859486525992921     
  0.535815217612641       0.900881410211382       0.678653717517798     
  0.247387206041901       0.687290313003419       3.289950796576884E-002
  0.535648130035307       0.691242376913722       0.847316035990619     
  0.295105282529125       0.109719222340510       0.519411335841263     
  0.929788175297272       0.847533551503056       0.388235943788835     
  0.519007279574126       0.920017498291727       0.853464342635288     
  0.277243174719268       0.561876304371012       0.266031069657806     
  0.758919231932993       0.692427125363862       3.830191139183186E-002
  0.143894652639656       0.925285660923407       0.797282980499514     
  0.441245386152779       0.539362658822885       0.877129526718268     
  0.425522153710460       0.514198380154728       0.339815165068885     
  6.477649901500865E-002  2.058779185063169E-002  0.427860317723440     
  9.012312855927611E-002  0.298841929221698       0.952050741783647     
  0.281952283243511       0.620208112179736       0.429312363450189     
  0.556564553639247       7.082823968791033E-002  0.188245734165385     
  0.956548285153974       0.653217596336358       0.744559174653221     
  0.811405398429128       1.141491564704083E-002  0.316292216164574     
  0.486790491294904       0.610284486226926       0.181048397136589     
  0.778626638122916       0.933820617994399       0.256610412056652     
  5.326338804704127E-002  0.485883828254099       0.981601153034179     
  2.671645993453596E-002  0.223126636514347       0.803576389116991     
  0.418001006867933       0.166168136618667       0.984864764532001     
  0.862827836610285       0.488189422996709       0.601229032130174     
  0.241731954338089       0.466443583339656       0.199478444131796     
  0.380783247433973       0.285346591489899       0.451581107105393     
  0.967527992062922       0.672067096278949       0.556829573421621     
  0.722849151719375       0.826115556642508       0.890333791580802     
  0.850105461547320       0.497163355554122       0.473926214355879     
  0.884026283188883       0.797970018596422       0.607892244433673     
  0.853444611083627       0.199516800887650       8.145611110821627E-002
  7.974155829108349E-002  0.892816836097213       0.886618864067974     
  0.575721341658249       0.528872521471527       0.729287970834582     
  0.341370200334490       9.637381491253832E-002  0.867534109758981     
  0.797398777808478       0.522373138341168       0.881021057660276     
  0.349433214092208       0.278516759848436       0.508877961235109     
  0.166972917890014       7.890753258204673E-002  0.666154191562646     
  0.662124489562148       0.156182776840569       0.622608766789976     
  0.659069072980815       0.347709631623191       0.654688074411147     
  0.528677024656056       0.571073217846414       0.989114870860973     
  0.479861973331806       0.265302502681862       0.348419014315902     
  0.462848636744900       0.866858063924150       0.595301227940694     
  0.373519124248847       0.772495910399735       0.830754562567960     
  0.549418727926256       0.908480376525033       0.453928475487796     
  0.182349825764548       0.910194663884743       0.414552130311139     
  0.616274543895058       0.264212069058236       0.366363715232103     
  0.908283532878530       3.457305854429406E-002  0.359796999860542     
  0.595306866106583       0.499149425716827       0.463057146947342     
  0.813003759239463       0.533680672503941       0.239129039437183     
  0.935593891504020       0.198445646278839       0.958611605312081     
  0.291086302648321       0.969872301014318       0.916765821651441     
  6.224879471786360E-002  6.169129594407349E-002  0.522155242289218     
  0.466060043670903       0.727096485933441       0.720069257766622     
  0.173826158884302       0.190849029204208       5.363334916878298E-002
  2.948731177587856E-002  0.376115274627133       0.817110526847352     
  0.472442845731686       0.325824311647960       0.671651860742693     
  0.259915688894441       0.821801611602216       0.629005677279054     
  0.870717738220781       0.992301109256961       0.393299697335837     
  0.206554680950778       0.329210008306829       0.115084699272733     
  0.706597706714967       0.527362333102111       0.348727409518656     
  0.201427505334264       0.502847709738539       0.990445440500238     
  0.656704381236588       0.789446736041645       4.371464028595575E-002
  0.517082157416655       0.248362340057010       0.291518489577587     
  0.111487826018259       0.546768845712456       0.408387859303538     
  0.177200658695025       0.297277913425616       0.866730526135518     
  0.222320464168914       0.341608941386903       0.685465603490705     
  0.384089738971718       0.605843330261422       0.907809905731269     
  0.522184145929681       0.594096939358629       0.114445488154891     
  0.652195281403185       0.581470755473847       6.703800909352180E-002
  0.158464453517258       0.457497899988118       8.055751569356562E-002
  0.749665974896681       0.118272966859849       0.172104550491758     
  0.228736934513683       0.816014628646940       0.698023407432421     
  0.231278188736615       0.414944494266834       0.257608691228328     
  0.298325040400142       0.609054145792047       0.102027765738880     
  0.913946672238724       0.757829432143673       0.218559190269572     
  0.496573053437241       0.271837852431242       0.613992107425455     
  0.683863176245742       0.916646992765222       0.806453721635014     
  0.992594836240031       0.689500101131690       0.335587595654141     
  0.426498404974500       0.955055029398668       0.960556665095421     
  0.916412690188317       0.702009248535701       0.923101113527281     
  0.355120981291140       0.782498153409986       0.700870260708981     
  0.767131619140934       0.681344906384871       8.912439145767481E-004
  0.934999230345686       0.505988173585932       6.218602549716141E-002
  0.294218144413871       0.601936851087933       0.729136473081914     
  2.302515598609863E-003  0.863471554029733       0.106959104581923     
  0.966019832862459       0.377656235554731       0.477655471294858     
  0.162665382164249       7.474191139112212E-002  0.739051665870003     
  0.752473778025869       5.406525644072808E-002  0.544791768270261     
  0.643268512462303       0.984923801147640       0.592538754177137     
  0.332739663933443       0.996193571183386       0.862868368661266     
  0.735317525712953       0.447659224189129       0.150031934221159     
  0.718626972228706       0.477731833454037       0.306053047363252     
  0.273321327084847       0.576438090633008       0.390289884674585     
  0.981379394574082       0.209162958612498       0.768090845897912     
  3.297289130077891E-002  0.635465463891360       1.280601447141643E-002
  0.799436992157026       0.758988258133543       0.743323196897535     
  0.693241237896705       0.166861149901050       0.825923317133287     
  0.441098613312747       0.791844929344028       0.931779785313128     
  0.888818665704970       0.566298768074325       0.525333920283695     
  0.264632043130491       0.763917961424782       0.327613665345443     
  0.631266886083029       0.206014073532954       0.995531542748382     
  0.950510801349989       0.294177668092567       0.530254413443267     
  0.928744873938422       0.216629109673416       0.535543735277277     
  0.401704959544839       0.214305729244933       0.664498169988382     
  0.992477235591207       4.020818793733015E-002  0.324035000799945     
  1.477888220252635E-002  0.729248562457549       0.690981093325883     
  5.894620435733872E-002  0.183776571456319       0.478877494608918     
  0.638673180410082       0.861541607685074       0.723997433322171     
  0.917189971893311       0.131645994779519       0.351194751604152     
  9.680982049164905E-002  0.804800366950064       0.403433277639474     
  0.414238563715272       0.139710450465730       0.375428306216196     
  0.582653004539691       0.869053045093705       0.282859195499031     
  0.958730841898302       5.996955143738581E-002  0.299733052177984     
  0.250237779447996       0.109052699428685       0.157355897811514     
  0.555926451776484       0.342774818062427       0.536027004864817     
  0.877311563627485       0.360624061508012       0.853193568038872     
  0.503494057071263       0.147319559253643       0.166585048967957     
  0.517116555854768       4.431605395149906E-002  0.493345650139636     
  0.492474342681546       0.428403808513184       0.491346581091983     
  0.826763779514765       2.229971757585978E-002  0.654389520574425     
  8.175364310390665E-002  0.313762067170302       0.942940796798536     
  4.979469034067997E-002  0.666353301416329       2.705325169755760E-002
  0.402527270285795       0.399062935021877       0.619067033278830     
  0.357693891071698       0.114222623521950       0.582810807537445     
  0.216307887123690       0.890034627198381       0.278675936366822     
  0.219560575851067       7.891924869487867E-002  0.878623239035063     
  0.623563651562803       0.978645992629867       0.408843473873922     
  0.648645952604108       0.330336625713944       0.223159417902062     
  0.716434677185025       0.460340989493884       0.134646355001384     
  0.899668279514515       0.842668376886574       0.967717634922845     
  0.867619450627255       0.855772330255720       0.144145654395777     
  0.843821420258542       0.572648430883922       4.933777034431257E-002
  0.943201934382159       0.441745088145195       0.572680097630964     
  0.130419813148653       0.371225486213819       0.737763321242908     
  0.972292115740838       0.481125028847559       0.724877075194301     
  3.722816565236316E-002  0.895080130925167       0.873854420260693     
  0.456446400947796       8.383603577545003E-002  0.770907556633838     
  0.634256311086639       0.355808080297894       0.901003230485995     
  0.994660733206939       0.276300897481882       0.542113871421916     
  0.166058531307627       0.614024618424726       3.034239911520429E-002
  0.542704914322751       0.765374456392371       2.807508377878135E-002
  0.338592834878179       0.429619008049225       0.952797167848724     
  2.125692816170249E-002  0.821107637269774       0.459123549952742     
  6.906151650843248E-002  0.600715903298685       0.822714319580677     
  0.348524950082950       0.308440550468056       0.507361199291606     
  0.139527008024440       0.386948650625242       0.573854907860296     
  0.712407475635650       0.882950768560176       0.564914590501168     
  0.268519107177794       0.648352010862487       0.565150695860802     
  0.343157297700379       0.354757668837227       0.174284462679111     
  0.845872433013766       0.459389427843541       0.832983432730778     
  0.450654834663089       0.174044912340642       0.139440439775569     
  0.560124520076842       0.981923291132203       0.512077720675112     
  0.149853805341036       0.958555996143684       0.331423691184532     
  0.971142265350111       0.875230254500179       0.972394243909182     
  0.563144462955171       0.676817663278989       0.815358694398502     
  0.357101359160374       0.227030241862286       0.905057383540563     
  9.636984315714295E-002  0.453038162263825       0.305005332222800     
  0.451352937465039       0.173465456378752       0.144683261746408     
  0.687953943105367       1.596459726294308E-002  0.373428193687806     
  0.317391407848683       0.916068215573953       0.233246840160086     
  0.924064632092778       0.733652868552668       0.368365600563190     
  0.736677428800822       0.483499156186984       0.132023523930747     
  0.986414441746383       0.366857004128952       0.317077241630755     
  0.307783954673235       0.164365654884837       0.913414324066674     
  0.673474816203892       0.640668398630142       0.932676279993893     
  0.365402387267576       0.707847366984862       0.659306495751667     
  0.876950225286392       0.666156732512756       0.127142622898707     
  0.865541855822263       0.504982633715047       0.571416959443387     
  0.319103056790940       0.471203346723269       0.231301155713989     
  0.102446997422312       5.264866273847207E-002  0.310789751230397     
  0.361504059971359       0.407505521690497       0.466619327643164     
  0.820733296967042       0.776788935676294       9.215845421374574E-002
  0.596354990119820       0.373874483188567       0.494849224544705     
  0.891903082127086       0.985689533166278       0.210711401544518     
  0.497842754322075       0.833438954529551       0.669012161665677     
  0.572244171505310       0.507793452585920       0.426525760815052     
  0.665790942092194       0.870413540167345       0.385020164741286     
  0.672076204757865       0.127414756056386       0.713700117279463     
  0.222173271815182       4.655308056039111E-003  0.682718334214013     
  0.120487655954298       0.578852660871452       0.473347311178286     
  0.393560351867940       0.563191073407669       0.417281233827793     
  0.827700291835236       0.967147458282128       0.238735166694568     
  0.640262416526509       0.290466004044915       8.498265854583498E-002
  0.414757256048538       0.769950397887267       0.356470445694276     
  0.705910754496846       0.850225225190052       0.458304086073330     
  9.726220890331200E-003  0.133718245528073       0.288066502661484     
  0.438479403057660       0.586550249824786       0.972727020668516     
  0.593594507144193       0.783504973727139       0.271805471745065     
  0.130470050745019       0.697667855650720       0.123036377965124     
  0.465500623886310       0.677617244862443       0.151230289477058     
  0.893476209728236       4.888801799496431E-002  0.646213987183901     
  0.371366610668360       9.398678846163969E-002  0.191760957352461     
  0.267752141112082       2.401368058616565E-002  0.841101650426559     
  0.695530267082401       0.368096536091221       0.819267366800936     
  0.122140437853691       4.435818329553508E-002  0.615676816030074     
  0.622436953635090       0.140148756256380       0.843300493360891     
  0.981005676392059       0.361319983778916       0.311199400702163     
  0.196689271781191       0.974194022908866       0.357344301004556     
  0.232641220846907       0.103776899749550       0.923565697981369     
  0.744686064806786       2.894303281559972E-002  0.945190793273899     
  0.774808298217523       0.833115997737690       0.285352640374588     
  0.242262636798137       0.624123964909830       0.893091130034452     
  0.881639571364565       0.382954934826171       0.296826780659414     
  0.285517622361540       0.252668720213800       1.595582256892849E-002
  0.406752115335317       0.996208672858891       0.345083499737149     
  0.170869511698024       0.103180635710226       0.812367062432025     
  0.389945299576538       0.160117122247099       2.903896936727007E-003
  0.583645017171917       0.835515812104028       0.125837345183840     
  0.667792842715579       0.903949802222433       0.192700580051644     
  0.417041703928528       0.853539748614449       0.626831934114544     
  0.701450378874483       0.928373576047257       0.516267977568038     
  0.213965546145278       0.627078774646561       0.551221426663789     
  0.586041557417992       0.716359298020193       0.207565656552081     
  0.714172163927966       0.187965486596451       0.640422703400376     
  0.136169812314349       0.392388493897595       0.913132532567252     
  0.782035332975096       4.069513436945114E-002  3.675700562572406E-002
  0.802464143314093       0.492464560795428       0.685141526617454     
  0.769031790645524       0.742885256545667       0.977374504850225     
  9.223763664219714E-002  0.268539959301767       0.887923574374877     
  0.908972047032708       0.476078195840735       7.112542589097544E-003
  0.541530476597189       0.238000747301107       0.777943090892196     
  0.986051625321526       0.422427976611675       0.445265200753301     
  0.871767793156753       0.655940847288905       0.437147676433034     
  4.190591872470787E-003  0.151764822296267       0.756752874500205     
  0.783442445106417       0.213296576144582       0.789807336143289     
  0.115801413857852       0.401844526451070       0.644371249461396     
  0.823127287767775       0.595793361631673       0.393089040082842     
  0.893410330372426       0.122384637257442       0.161875413304364     
  0.377706466881301       0.629981324973999       0.837972863008232     
  0.571232093658479       0.549550769740538       0.634119026519424     
  0.904255543092097       0.256843128125551       0.750384773953888     
  0.489464789837433       0.936691792832385       0.412288238575024     
  0.186007991805177       0.941025835498175       0.609752986193160     
  7.162756084783146E-002  0.246819278678249       0.173663827056120     
  0.147032556635765       7.121721831099120E-002  1.129609361300905E-002
  0.237272312536936       0.243997700176687       0.714369904557610     
  0.211893666728340       0.787073872207915       0.633207263345542     
  0.151233003303921       0.202680208154945       6.379542364139144E-002
  1.709480160074833E-002  5.890353296416150E-002  0.600189336231138     
  0.207610340680248       0.755782269941635       0.298970858941213     
  0.306378127428908       0.194059485773417       0.846459755411188     
  4.509105565932803E-002  0.813563295148340       0.202035749979260     
  4.123531919965696E-002  0.807777396992610       2.053776835867319E-002
  0.321562945554532       0.736872990304406       0.704135620676240     
  0.827724079246819       0.713520782333834       0.606844235169596     
  0.478664030374628       0.183871859875257       0.919281469024356     
  0.528837996825346       9.021726077727053E-002  4.653669089845421E-002
  0.543263270467669       0.953396547192551       0.274364180386384     
  0.626641219476960       0.239835217745496       0.189782982259122     
  0.851977227718916       0.467911523238900       0.935208325878822     
  0.506594798339441       0.321218935802866       0.551630452781399     
  0.312218653477200       0.712780603220571       7.609495073416948E-002
  0.767347120130575       0.298082615285084       0.949448471956670     
  8.390899369284063E-002  0.411931665417953       0.487360802849891     
  0.951857563213004       0.951896049192636       0.404277702235834     
  0.740599853226042       0.317643537752427       0.799203978940789     
  0.328398259102033       0.844279737873513       0.796531958709861     
  0.928399838977995       3.986626008641446E-003  0.251035964014325     
  0.157397871627452       0.773840158842406       0.235249088568388     
  0.288712755913998       3.298523553525180E-002  1.859004683046749E-002
  0.463409397304158       0.544644902436561       0.504050619264387     
  0.806002934932759       0.632853643836440       0.746488508888575     
  0.581264305013239       0.793303825344369       0.269234170613913     
  0.788946464659118       0.234287198833410       0.500226035295702     
  0.196079122852852       0.224059230926738       0.655610271167205     
  0.406564861996888       0.670903175976768       0.370403786492540     
  0.751817792848814       0.680160855744801       7.397036511178987E-002
  0.439207011868982       0.143488169104742       0.983582438458174     
  7.545393543107148E-002  0.939692980473379       0.213974055154582     
  0.603438962326715       0.540181953486769       0.141471739239393     
  0.142388031684419       0.896113296852882       0.964325940449894     
  0.456973160422152       0.314282732277612       0.376235686240319     
  0.300172334413234       0.708323066424637       0.735604950926765     
  2.052626680482307E-002  0.715357584524455       0.833654832610594     
  0.532138771195547       0.613158356525873       0.336219753015182     
  0.502823333886309       0.723256436804270       8.796216272995556E-002
  0.834898914236091       0.548926701825209       0.756103214439222     
  0.677963105897364       0.259028610131599       0.790783292183617     
  0.312718234034576       0.418220434582414       9.458222299744638E-002
  0.650920821734400       0.589088579744725       0.593601258351431     
  4.583561243218024E-002  0.322510694672379       0.798183827542024     
  0.919108034799972       0.383188346127373       0.203968163949006     
  0.603185770399251       0.228912026300997       0.783922832630009     
  0.180883742440227       0.746533364734885       0.384598159022094     
  0.118243101980844       0.812521281365124       0.641048016247298     
  0.261868718756211       0.170784910937387       0.429353925671441     
  0.841576901379078       0.283271144386832       0.873770976781999     
  0.834698998031682       0.286760033081008       0.752619236794694     
  0.740124337342740       0.741695141169021       0.677140112582886     
  0.958678967302941       0.885399802950096       0.170322334561676     
  0.817356768854938       0.152380488079873       0.110538851249414     
  0.731689175119166       0.920440567157215       0.119381743233922     
  0.112833194237423       0.255291733014298       0.100282475720247     
  0.398775756516764       8.865983370867109E-002  0.538244247107725     
  0.786305077227320       0.396490109337530       5.471229180463551E-002
  0.486044544415008       0.832015622550473       0.527013522723815     
  0.322290102954356       0.124743829569581       0.442345504378120     
  0.700657986508145       7.347297181537343E-002  0.557943088669538     
  0.473807973675019       0.754067390526861       4.851113233219943E-002
  0.994493531853344       0.306665874223416       0.498300796617581     
  0.254899273495483       0.723727826651385       0.255172536638484     
  0.244456526219260       0.335729028077100       6.648875545153425E-002
  0.336137261977357       0.128106342444171       0.934823287581772     
  0.610598072222574       0.943012989182629       0.774131922453354     
  0.720866817837131       0.517821271454453       0.569042006148655     
  0.428942705016914       0.534785385173602       0.109030197610904     
  0.805035960647727       0.801871245008032       0.263997343608067     
  3.170988626769856E-002  0.423682902901252       0.762197914810617     
  8.462870288472001E-002  0.436919615677039       0.580734975010965     
  0.186153741033002       0.409977633710554       0.998449460402773     
  0.431990337019003       1.036163850403831E-002  0.894867869405285     
  0.793068400246581       0.345280254098959       0.785319088553045     
  0.366356186170945       0.993296436521354       0.693090620221696     
  0.683936278867378       1.213540314495595E-002  0.465064173093431     
  9.135263682260222E-003  0.934399095205557       0.583577877889111     
  0.684896071632879       0.947815895574519       0.244271467706015     
  0.607805281999750       0.862259791633896       0.246965111082050     
  0.191133076985017       0.447709303114183       0.291986306619386     
  0.770279332292379       0.553889424008049       0.224764815744196     
  0.391482030619939       0.519305060255119       0.675760114206455     
  0.275214030643551       0.975501684521259       0.485353454818523     
  0.507536252417945       0.638719137634035       0.226429946873148     
  0.617451122653296       9.609746774749477E-002  0.900991328238923     
  0.953461056475840       0.440641454931062       0.179545668633281     
  6.649462828576660E-002  0.592283290049877       0.449348951602407     
  0.385452380885255       0.557361597934130       0.100243196605798     
  0.104979504544433       0.880255870950095       0.707829584250636     
  0.756498875797930       0.659709815611511       0.436214881891617     
  0.860770976887518       0.186613539096077       0.158489171935432     
  0.131367441050747       0.653585272773832       0.588519953911316     
  0.549237123164573       0.747084922951215       0.763227007820795     
  0.946153168837733       0.438631894991633       0.219151106379562     
  0.593805218887874       0.428919091382917       0.955129969079029     
